484674
484659
484609
484516
484473
484451
484356
484283
484218
484211
484132
484093
484043
484029
483940
483895
483813
483759
483711
483706
483675
483636
483582
483561
483484
483405
483330
483237
483210
483188
483173
483132
483128
483100
483074
483044
483030
482992
482911
482908
482830
482827
482802
482788
482715
482714
482651
482569
482508
482460
482416
482332
482253
482252
482206
482146
482136
482119
482076
482000
481986
481936
481895
481876
481800
481793
481744
481648
481561
481501
481500
481497
481468
481426
481351
481317
481222
481208
481176
481081
481042
480995
480984
480933
480861
480824
480816
480812
480797
480744
480737
480700
480655
480619
480563
480544
480465
480444
480429
480428
480340
480252
480193
480167
480159
480109
480101
480048
479997
479970
479886
479876
479788
479752
479715
479687
479664
479636
479587
479525
479490
479410
479362
479293
479290
479261
479169
479158
479132
479102
479020
479018
478947
478872
478812
478762
478739
478677
478582
478501
478447
478394
478345
478337
478247
478152
478150
478069
477973
477902
477839
477784
477723
477702
477700
477694
477673
477630
477605
477593
477558
477557
477540
477528
477457
477426
477410
477344
477319
477294
477262
477171
477079
477048
476961
476896
476854
476791
476695
476636
476589
476519
476482
476421
476405
476398
476319
476242
476221
476152
476118
476057
476002
475996
475972
475929
475878
475857
475793
475737
475699
475603
475533
475441
475425
475366
475294
475242
475197
475179
475087
475054
475020
474962
474876
474836
474793
474744
474655
474636
474555
474484
474443
474426
474396
474372
474278
474245
474155
474141
474085
473996
473943
473849
473830
473797
473791
473749
473721
473720
473641
473561
473476
473438
473360
473269
473253
473208
473115
473092
473067
473037
472989
472980
472970
472954
472946
472926
472863
472770
472715
472643
472619
472534
472444
472406
472361
472272
472183
472125
472052
472030
471956
471888
471851
471822
471781
471717
471644
471633
471541
471457
471401
471385
471294
471204
471131
471094
471088
471074
470984
470951
470935
470928
470924
470894
470814
470727
470652
470578
470574
470510
470448
470386
470360
470319
470300
470271
470201
470131
470130
470118
470110
470086
470065
469988
469921
469905
469840
469839
469747
469658
469656
469613
469570
469496
469475
469413
469334
469249
469174
469117
469050
468991
468928
468851
468765
468761
468710
468643
468574
468480
468437
468382
468286
468197
468191
468139
468071
467998
467940
467935
467854
467809
467738
467699
467622
467573
467534
467445
467396
467387
467370
467292
467233
467158
467111
467037
467028
466933
466889
466847
466820
466767
466741
466686
466610
466604
466526
466463
466425
466396
466380
466332
466318
466237
466190
466111
466077
466030
466010
465975
465959
465905
465900
465877
465783
465738
465653
465635
465541
465476
465451
465374
465350
465300
465282
465235
465233
465218
465130
465073
465043
464997
464977
464965
464918
464914
464866
464816
464744
464720
464683
464626
464536
464503
464476
464426
464389
464316
464288
464242
464186
464108
464028
463986
463909
463869
463826
463769
463739
463664
463613
463533
463464
463449
463436
463347
463264
463243
463216
463179
463086
463078
463033
462960
462909
462843
462755
462668
462588
462543
462501
462429
462398
462372
462306
462304
462251
462194
462134
462097
462025
461943
461865
461794
461731
461685
461626
461548
461497
461460
461446
461370
461333
461279
461264
461192
461156
461087
461054
460965
460904
460837
460799
460707
460684
460663
460624
460583
460558
460479
460460
460365
460282
460235
460140
460049
460035
459950
459934
459889
459884
459788
459786
459727
459636
459560
459511
459434
459401
459378
459323
459284
459254
459222
459134
459108
459037
458943
458874
458855
458762
458666
458595
458535
458489
458414
458318
458281
458255
458174
458146
458080
457991
457943
457874
457873
457824
457761
457700
457621
457596
457536
457468
457403
457352
457267
457237
457198
457152
457089
457078
456991
456937
456928
456839
456792
456758
456719
456678
456644
456626
456621
456600
456596
456571
456525
456520
456459
456378
456355
456336
456245
456226
456202
456138
456083
456071
456025
455967
455963
455907
455856
455837
455788
455755
455699
455619
455609
455544
455530
455516
455482
455432
455383
455310
455270
455246
455219
455156
455147
455112
455074
455004
454930
454887
454857
454853
454787
454698
454681
454643
454562
454484
454433
454380
454341
454303
454297
454294
454211
454210
454197
454162
454134
454056
454021
453990
453935
453904
453836
453767
453761
453695
453609
453557
453470
453421
453356
453344
453291
453283
453236
453235
453217
453168
453134
453042
452965
452919
452829
452740
452644
452607
452546
452484
452440
452364
452280
452201
452161
452139
452088
452023
451985
451955
451942
451851
451819
451765
451680
451671
451620
451590
451529
451485
451446
451359
451266
451179
451127
451119
451071
451037
450995
450919
450903
450888
450852
450843
450770
450749
450726
450722
450644
450598
450509
450449
450397
450326
450254
450174
450099
450069
450063
450027
449935
449862
449766
449764
449718
449638
449567
449517
449452
449421
449326
449282
449206
449200
449167
449109
449091
449014
448982
448979
448899
448807
448728
448658
448639
448596
448538
448527
448524
448503
448487
448459
448433
448371
448351
448257
448256
448211
448139
448116
448076
448047
447961
447960
447872
447809
447753
447701
447663
447596
447552
447460
447391
447323
447308
447302
447266
447225
447209
447141
447135
447089
446994
446916
446827
446737
446674
446647
446589
446506
446462
446453
446437
446357
446280
446224
446152
446111
446079
446071
446033
446026
445938
445930
445882
445791
445718
445717
445629
445594
445567
445523
445446
445361
445301
445286
445201
445184
445106
445026
444990
444979
444956
444878
444840
444794
444781
444753
444689
444604
444519
444510
444414
444353
444345
444260
444239
444193
444184
444118
444041
443952
443878
443817
443757
443697
443681
443635
443617
443570
443543
443531
443525
443453
443364
443268
443249
443187
443119
443077
443057
443026
443008
442935
442885
442820
442764
442699
442640
442616
442526
442493
442487
442431
442350
442320
442312
442280
442190
442177
442162
442148
442132
442073
442061
442038
442018
441983
441950
441884
441797
441783
441735
441719
441667
441658
441599
441514
441454
441443
441430
441424
441373
441284
441268
441218
441128
441056
440977
440892
440889
440802
440780
440684
440607
440511
440469
440407
440311
440303
440256
440238
440160
440067
439996
439915
439860
439857
439833
439798
439715
439676
439582
439534
439530
439447
439354
439314
439241
439201
439184
439123
439098
439031
438995
438917
438850
438761
438711
438680
438666
438662
438589
438502
438460
438440
438423
438369
438289
438222
438133
438088
438030
437993
437959
437924
437876
437846
437805
437729
437717
437665
437634
437556
437472
437439
437421
437376
437291
437219
437189
437154
437080
437029
437016
436977
436902
436827
436756
436726
436690
436653
436618
436532
436503
436458
436389
436298
436249
436197
436133
436130
436093
436076
435983
435896
435858
435790
435715
435651
435581
435552
435465
435449
435384
435368
435311
435230
435155
435098
435009
434952
434861
434813
434717
434677
434657
434569
434500
434436
434421
434419
434389
434382
434335
434291
434208
434168
434113
434107
434078
434013
433942
433917
433884
433881
433838
433815
433794
433721
433658
433595
433579
433542
433521
433488
433419
433411
433344
433316
433288
433222
433155
433117
433114
433107
433065
433033
433002
432945
432864
432832
432740
432686
432681
432590
432530
432445
432407
432346
432261
432171
432104
432040
432035
432019
432018
431950
431891
431859
431844
431785
431689
431627
431576
431508
431442
431440
431410
431370
431284
431198
431153
431095
431009
430996
430904
430811
430809
430798
430781
430769
430674
430638
430545
430507
430462
430457
430420
430346
430335
430328
430271
430187
430144
430068
430046
430034
430023
429931
429856
429769
429710
429658
429563
429469
429406
429400
429334
429324
429235
429232
429159
429112
429037
428961
428920
428866
428827
428810
428793
428783
428759
428672
428640
428634
428612
428555
428514
428455
428361
428285
428226
428171
428129
428089
428017
428002
427926
427875
427863
427857
427830
427796
427760
427727
427706
427692
427629
427619
427580
427528
427475
427432
427344
427252
427158
427114
427084
427052
426964
426900
426881
426847
426821
426814
426751
426656
426621
426607
426525
426459
426373
426279
426273
426235
426210
426127
426055
426052
425984
425928
425924
425899
425837
425793
425711
425708
425661
425580
425493
425428
425333
425322
425301
425236
425152
425068
424976
424961
424879
424862
424807
424796
424738
424678
424591
424544
424481
424429
424340
424259
424206
424164
424132
424081
424019
423948
423916
423866
423789
423694
423671
423640
423604
423552
423503
423454
423453
423435
423423
423392
423358
423295
423266
423179
423152
423150
423093
423026
422948
422927
422864
422815
422795
422790
422739
422732
422681
422591
422497
422479
422439
422416
422363
422300
422242
422181
422108
422090
422000
421936
421843
421779
421690
421627
421542
421472
421460
421407
421340
421263
421173
421096
421014
420986
420953
420947
420880
420868
420777
420747
420689
420642
420568
420533
420473
420424
420375
420362
420278
420238
420159
420157
420138
420097
420017
419927
419890
419795
419700
419623
419531
419477
419399
419392
419385
419376
419349
419284
419236
419196
419190
419121
419100
419075
419069
418980
418978
418953
418870
418817
418781
418732
418681
418661
418580
418562
418549
418511
418488
418464
418450
418364
418360
418278
418203
418155
418098
418028
418024
417930
417864
417856
417768
417684
417679
417628
417603
417592
417564
417480
417468
417377
417344
417335
417280
417200
417118
417051
417006
416954
416937
416871
416853
416771
416726
416650
416621
416610
416536
416504
416438
416350
416282
416247
416195
416114
416049
416013
415935
415902
415883
415807
415714
415707
415622
415612
415593
415526
415461
415442
415413
415343
415299
415272
415254
415192
415110
415049
414995
414948
414866
414865
414829
414774
414758
414696
414642
414568
414557
414532
414503
414469
414456
414416
414365
414310
414300
414247
414231
414201
414107
414035
413968
413914
413843
413764
413742
413654
413634
413593
413543
413490
413434
413384
413321
413249
413228
413197
413173
413077
413041
413033
412982
412920
412887
412805
412762
412720
412684
412617
412604
412530
412526
412497
412455
412387
412308
412238
412186
412158
412092
412089
411997
411935
411856
411769
411752
411745
411670
411620
411576
411527
411456
411428
411403
411362
411333
411238
411193
411150
411140
411113
411080
411051
411024
410978
410977
410964
410878
410845
410840
410761
410720
410629
410561
410468
410427
410378
410335
410267
410206
410115
410091
410034
409957
409898
409821
409733
409710
409637
409603
409565
409478
409439
409402
409334
409243
409230
409177
409156
409133
409086
409052
409002
408979
408885
408865
408825
408788
408704
408681
408599
408533
408441
408429
408375
408368
408344
408267
408227
408177
408098
408019
407972
407911
407845
407834
407769
407677
407596
407580
407539
407533
407507
407427
407375
407342
407252
407194
407191
407175
407115
407092
407052
407037
406974
406926
406869
406857
406763
406682
406649
406592
406554
406474
406425
406351
406260
406226
406165
406093
406014
405968
405880
405804
405795
405720
405652
405629
405626
405599
405578
405501
405424
405410
405396
405310
405264
405208
405153
405150
405115
405067
405007
404992
404960
404897
404855
404783
404702
404669
404634
404628
404577
404523
404489
404398
404306
404237
404170
404142
404072
404011
403937
403873
403790
403747
403672
403599
403590
403579
403577
403511
403428
403371
403334
403312
403252
403242
403169
403154
403075
403059
403020
402937
402872
402811
402782
402744
402693
402682
402660
402565
402505
402503
402441
402412
402347
402265
402243
402182
402164
402101
402078
402005
401978
401972
401889
401822
401734
401703
401641
401584
401513
401426
401387
401349
401270
401190
401142
401103
401020
400972
400965
400873
400780
400733
400659
400579
400520
400448
400382
400344
400342
400301
400222
400194
400128
400038
400019
400002
399929
399884
399822
399814
399813
399718
399635
399581
399544
399501
399468
399398
399323
399267
399220
399178
399117
399111
399085
399001
398986
398955
398863
398839
398797
398756
398741
398668
398597
398551
398498
398465
398435
398396
398387
398344
398339
398283
398220
398161
398085
398066
398028
397961
397921
397902
397816
397792
397758
397666
397573
397503
397413
397337
397263
397212
397133
397109
397056
397020
397019
396944
396868
396816
396775
396757
396717
396686
396672
396586
396537
396525
396447
396371
396365
396310
396229
396192
396166
396134
396120
396110
396052
396000
395956
395923
395883
395854
395832
395820
395816
395799
395789
395722
395632
395569
395537
395492
395442
395368
395272
395241
395206
395145
395062
395037
394966
394950
394917
394848
394811
394739
394656
394609
394522
394461
394375
394324
394314
394244
394181
394172
394136
394049
393954
393862
393855
393841
393811
393796
393735
393679
393633
393589
393497
393433
393412
393323
393243
393167
393159
393107
393020
392958
392946
392899
392824
392810
392762
392739
392687
392601
392524
392472
392382
392376
392353
392333
392305
392270
392207
392175
392165
392157
392100
392026
391972
391935
391901
391880
391843
391786
391777
391703
391631
391581
391497
391441
391418
391405
391387
391309
391277
391257
391171
391152
391103
391008
390960
390928
390872
390791
390779
390736
390688
390644
390619
390535
390528
390454
390370
390345
390339
390319
390317
390273
390257
390243
390233
390148
390124
390028
390018
390004
390000
389967
389901
389851
389847
389780
389766
389731
389690
389605
389573
389506
389440
389388
389387
389373
389351
389313
389218
389166
389160
389096
389089
389081
388996
388988
388917
388907
388811
388795
388760
388712
388670
388638
388618
388577
388499
388441
388433
388419
388406
388404
388358
388307
388212
388125
388120
388099
388055
388029
388026
387978
387911
387851
387773
387763
387762
387698
387618
387539
387525
387471
387394
387366
387281
387272
387257
387220
387196
387120
387079
387069
387011
386984
386889
386817
386743
386680
386631
386629
386542
386446
386432
386386
386361
386329
386270
386227
386168
386152
386108
386041
385945
385920
385911
385819
385728
385672
385577
385566
385496
385480
385393
385310
385218
385123
385042
384975
384883
384843
384808
384712
384673
384619
384536
384516
384462
384409
384348
384283
384200
384141
384067
384040
383996
383990
383895
383804
383774
383709
383706
383636
383570
383535
383493
383456
383406
383398
383376
383314
383253
383231
383151
383102
383042
383017
382975
382903
382807
382744
382652
382650
382603
382579
382556
382494
382400
382392
382324
382270
382214
382148
382147
382125
382086
382043
381958
381876
381791
381720
381666
381655
381601
381551
381470
381466
381374
381358
381271
381242
381233
381214
381143
381100
381092
381040
380947
380932
380885
380881
380838
380806
380787
380750
380723
380674
380630
380537
380484
380409
380333
380269
380185
380096
380044
380030
380016
380013
379975
379961
379935
379848
379847
379845
379765
379683
379669
379574
379540
379505
379475
379466
379392
379378
379334
379247
379225
379196
379106
379047
378992
378918
378855
378824
378810
378800
378792
378698
378644
378596
378595
378549
378491
378422
378390
378335
378287
378266
378254
378178
378141
378140
378058
377982
377976
377953
377916
377896
377827
377763
377726
377643
377634
377545
377466
377448
377363
377337
377310
377219
377137
377060
377030
377020
376963
376955
376859
376821
376792
376767
376739
376719
376716
376639
376606
376536
376503
376439
376377
376359
376353
376266
376259
376172
376155
376135
376052
376048
376039
375960
375952
375914
375831
375805
375727
375646
375608
375548
375533
375489
375459
375367
375310
375247
375175
375143
375129
375070
374976
374935
374924
374897
374865
374784
374715
374622
374569
374542
374534
374523
374452
374434
374368
374281
374263
374185
374096
374074
374035
373966
373944
373928
373883
373841
373798
373735
373674
373610
373540
373495
373410
373338
373288
373278
373211
373203
373192
373119
373089
373038
372957
372918
372824
372740
372732
372697
372675
372580
372535
372484
372425
372392
372380
372347
372266
372176
372089
372067
371981
371888
371861
371801
371789
371778
371694
371688
371657
371586
371541
371462
371404
371327
371273
371253
371215
371183
371166
371124
371104
371064
370969
370875
370839
370824
370752
370692
370683
370600
370528
370452
370418
370330
370253
370235
370201
370143
370135
370130
370048
369962
369876
369837
369756
369736
369645
369624
369603
369557
369544
369464
369422
369396
369344
369329
369254
369159
369085
369056
369054
369035
368982
368957
368944
368931
368855
368833
368740
368680
368612
368541
368529
368513
368429
368333
368248
368225
368182
368142
368060
368020
367983
367931
367859
367790
367720
367710
367641
367568
367543
367460
367442
367400
367390
367304
367239
367232
367186
367137
367096
367048
366998
366916
366902
366895
366828
366823
366805
366744
366677
366607
366559
366503
366430
366414
366354
366341
366295
366259
366257
366226
366207
366188
366107
366025
366017
365979
365957
365862
365781
365780
365709
365617
365541
365517
365430
365427
365332
365324
365245
365233
365225
365191
365154
365083
365079
365057
365008
364984
364957
364875
364811
364761
364757
364675
364674
364656
364589
364579
364504
364497
364464
364397
364396
364324
364312
364235
364206
364137
364090
364017
363940
363884
363831
363784
363776
363714
363623
363563
363469
363408
363336
363245
363243
363188
363141
363116
363049
363034
363026
362931
362913
362901
362888
362837
362803
362775
362730
362728
362636
362567
362566
362553
362482
362477
362436
362367
362302
362265
362220
362219
362181
362096
362056
362006
361988
361942
361897
361852
361796
361761
361684
361605
361561
361487
361420
361367
361360
361352
361303
361295
361231
361223
361156
361060
361049
361023
360932
360846
360838
360820
360751
360664
360606
360592
360568
360476
360420
360415
360328
360281
360218
360173
360154
360121
360103
360049
360016
359995
359976
359892
359841
359792
359738
359656
359624
359551
359531
359456
359401
359342
359264
359250
359236
359210
359197
359117
359077
358985
358916
358911
358852
358846
358789
358746
358656
358581
358511
358421
358343
358297
358288
358264
358207
358191
358140
358073
358040
357951
357885
357866
357836
357760
357686
357672
357637
357588
357551
357495
357438
357367
357346
357304
357290
357224
357155
357115
357048
356965
356899
356868
356821
356741
356694
356633
356562
356500
356493
356450
356437
356428
356380
356307
356290
356259
356192
356181
356176
356122
356081
356078
356028
355952
355884
355802
355727
355658
355612
355583
355538
355458
355363
355277
355256
355179
355108
355048
354980
354911
354815
354728
354637
354601
354529
354459
354373
354364
354312
354237
354193
354113
354056
353966
353876
353845
353795
353721
353640
353594
353561
353474
353405
353342
353341
353294
353200
353135
353046
352989
352949
352867
352837
352833
352805
352797
352775
352696
352601
352511
352502
352433
352428
352420
352408
352393
352325
352312
352230
352135
352087
352062
351991
351954
351912
351855
351834
351772
351689
351653
351647
351563
351501
351456
351403
351322
351255
351220
351128
351127
351071
350986
350972
350907
350830
350822
350755
350740
350718
350694
350631
350605
350586
350558
350481
350386
350371
350333
350320
350319
350244
350240
350221
350156
350093
350038
349987
349959
349917
349841
349807
349782
349707
349705
349638
349542
349477
349425
349412
349336
349240
349215
349211
349164
349104
349041
348954
348931
348879
348858
348797
348739
348687
348604
348567
348540
348457
348426
348342
348316
348260
348222
348194
348106
348065
347973
347930
347900
347845
347810
347751
347709
347675
347668
347574
347488
347482
347478
347424
347398
347395
347335
347249
347214
347177
347098
347073
346986
346916
346892
346822
346742
346701
346622
346553
346470
346456
346395
346310
346258
346164
346153
346079
346074
346071
346060
345982
345979
345915
345889
345856
345812
345768
345758
345723
345669
345644
345583
345489
345477
345427
345421
345371
345293
345291
345209
345162
345125
345060
344996
344995
344968
344935
344863
344778
344759
344666
344610
344548
344500
344450
344389
344356
344335
344304
344242
344148
344128
344109
344038
343959
343892
343818
343737
343691
343624
343528
343439
343391
343336
343297
343229
343203
343115
343053
342981
342938
342911
342908
342897
342882
342812
342751
342660
342631
342542
342492
342413
342365
342269
342175
342148
342066
342027
341946
341850
341765
341728
341698
341681
341598
341584
341500
341443
341348
341302
341288
341214
341180
341171
341125
341087
341016
340966
340906
340901
340883
340854
340839
340768
340761
340736
340735
340731
340706
340645
340630
340623
340569
340495
340433
340364
340281
340219
340153
340108
340040
339950
339870
339802
339720
339636
339543
339521
339498
339445
339441
339431
339349
339323
339245
339204
339186
339129
339125
339083
339023
339014
339007
338921
338877
338864
338777
338692
338597
338587
338509
338506
338469
338419
338409
338318
338259
338206
338117
338097
338091
338018
337957
337890
337818
337775
337713
337650
337625
337586
337544
337506
337493
337439
337369
337338
337322
337292
337196
337111
337104
337054
337029
336969
336950
336901
336860
336764
336731
336689
336642
336583
336577
336524
336471
336467
336425
336355
336314
336233
336231
336148
336139
336080
336029
335999
335932
335923
335882
335847
335810
335809
335736
335666
335622
335606
335592
335542
335504
335481
335459
335448
335410
335393
335351
335337
335278
335228
335176
335080
335039
335021
334999
334942
334867
334845
334780
334713
334655
334637
334555
334465
334423
334349
334253
334190
334179
334133
334054
334039
334020
333994
333928
333914
333856
333850
333826
333814
333793
333791
333770
333708
333650
333614
333603
333578
333516
333510
333483
333472
333464
333431
333429
333426
333336
333310
333216
333208
333145
333084
333079
333070
333023
332983
332907
332890
332825
332819
332745
332679
332656
332610
332574
332523
332441
332440
332346
332334
332321
332316
332306
332245
332228
332148
332111
332067
332005
331912
331886
331791
331755
331674
331615
331556
331554
331477
331445
331411
331406
331340
331318
331271
331250
331159
331104
331102
331064
331029
330944
330907
330826
330738
330681
330629
330625
330533
330473
330408
330319
330318
330238
330147
330132
330078
330071
330010
329933
329884
329823
329744
329697
329695
329673
329659
329574
329502
329418
329386
329305
329245
329209
329113
329027
328949
328860
328821
328799
328736
328721
328632
328587
328586
328512
328422
328410
328405
328347
328274
328239
328201
328109
328033
328003
327920
327853
327787
327753
327706
327678
327618
327580
327529
327472
327416
327391
327368
327340
327326
327325
327275
327180
327091
327000
326947
326924
326829
326798
326712
326641
326609
326556
326490
326471
326406
326322
326310
326307
326293
326282
326213
326171
326104
326008
325979
325916
325888
325854
325835
325774
325711
325642
325620
325605
325597
325577
325518
325435
325356
325321
325312
325234
325222
325200
325135
325085
325011
324924
324920
324841
324751
324683
324637
324557
324473
324413
324399
324316
324256
324255
324212
324128
324116
324092
324087
324068
324022
323963
323941
323886
323867
323788
323727
323700
323664
323591
323507
323492
323479
323449
323420
323361
323349
323321
323277
323250
323201
323106
323033
323022
322961
322899
322849
322826
322762
322755
322677
322650
322628
322586
322541
322492
322442
322367
322307
322300
322258
322189
322127
322085
322075
322031
321972
321890
321812
321809
321721
321694
321692
321628
321565
321560
321522
321454
321380
321317
321314
321245
321188
321114
321041
320985
320980
320932
320853
320809
320778
320685
320628
320580
320546
320484
320424
320403
320372
320317
320257
320177
320149
320076
320040
319953
319901
319898
319825
319776
319692
319691
319646
319635
319559
319549
319540
319498
319421
319367
319309
319258
319188
319123
319038
319029
318982
318936
318868
318795
318743
318699
318686
318593
318513
318423
318355
318280
318266
318257
318233
318198
318172
318136
318063
318002
317908
317902
317871
317803
317721
317685
317604
317586
317554
317464
317420
317353
317334
317251
317233
317200
317104
317035
316985
316908
316903
316878
316858
316800
316719
316650
316568
316561
316508
316439
316389
316353
316312
316236
316233
316182
316172
316112
316048
316028
316010
315926
315848
315841
315838
315817
315811
315721
315680
315649
315559
315528
315484
315458
315372
315370
315329
315241
315197
315151
315101
315009
314955
314903
314872
314868
314776
314728
314702
314650
314599
314590
314513
314510
314493
314468
314433
314401
314334
314292
314217
314124
314075
314016
313999
313956
313880
313879
313796
313704
313650
313556
313542
313525
313486
313483
313403
313332
313268
313221
313192
313139
313060
313019
313008
312969
312931
312891
312856
312770
312736
312693
312688
312618
312566
312520
312498
312460
312379
312339
312255
312174
312171
312082
312016
311947
311919
311897
311836
311755
311675
311670
311615
311554
311539
311533
311488
311477
311441
311362
311312
311258
311195
311188
311156
311113
311070
311016
310960
310871
310834
310750
310663
310605
310604
310597
310504
310433
310345
310332
310293
310241
310238
310152
310113
310061
310047
310025
309996
309946
309869
309796
309705
309655
309610
309565
309482
309448
309433
309403
309326
309281
309271
309189
309125
309074
309067
308989
308922
308904
308820
308793
308781
308755
308699
308673
308667
308651
308626
308530
308462
308442
308348
308302
308300
308236
308199
308197
308116
308046
307969
307891
307875
307793
307710
307708
307629
307607
307546
307530
307497
307474
307389
307311
307272
307198
307125
307046
306994
306916
306909
306902
306882
306865
306796
306775
306707
306695
306688
306602
306546
306485
306405
306322
306274
306199
306190
306125
306098
306010
305941
305882
305857
305769
305757
305690
305649
305602
305532
305447
305435
305403
305386
305296
305222
305135
305046
304985
304934
304886
304802
304726
304696
304621
304576
304536
304453
304408
304357
304295
304269
304259
304185
304159
304116
304113
304077
304072
304011
303950
303936
303875
303843
303755
303711
303651
303625
303573
303566
303491
303424
303348
303269
303245
303223
303192
303183
303180
303129
303117
303049
302973
302940
302891
302814
302757
302676
302602
302584
302516
302494
302407
302395
302382
302345
302279
302246
302189
302152
302061
301974
301881
301814
301753
301740
301662
301582
301548
301521
301489
301438
301368
301282
301219
301210
301148
301054
301003
300959
300890
300837
300795
300776
300745
300679
300671
300643
300628
300583
300556
300460
300444
300416
300341
300263
300202
300193
300099
300089
300033
299952
299933
299854
299852
299841
299764
299705
299645
299574
299489
299409
299395
299357
299296
299283
299243
299232
299169
299141
299139
299118
299081
299045
298999
298955
298946
298914
298905
298865
298791
298739
298682
298663
298635
298564
298477
298423
298334
298267
298181
298140
298095
298080
298020
297963
297896
297861
297809
297760
297747
297718
297660
297641
297604
297508
297473
297383
297358
297283
297252
297251
297224
297152
297112
297069
297050
296962
296909
296887
296885
296819
296746
296682
296591
296519
296439
296374
296345
296327
296261
296180
296093
296057
296014
295924
295865
295847
295770
295695
295685
295652
295574
295570
295540
295472
295407
295336
295329
295316
295253
295183
295120
295070
295019
294964
294921
294832
294831
294780
294758
294667
294574
294496
294404
294332
294261
294253
294211
294169
294120
294055
294000
293934
293891
293845
293772
293749
293715
293702
293647
293576
293492
293456
293440
293369
293295
293203
293108
293051
292987
292938
292852
292844
292799
292740
292649
292640
292590
292537
292527
292477
292454
292416
292353
292345
292294
292289
292224
292187
292149
292125
292121
292034
292023
292007
291940
291862
291787
291759
291716
291663
291624
291581
291519
291424
291398
291336
291272
291199
291179
291151
291087
291029
290933
290878
290825
290789
290701
290687
290676
290639
290576
290535
290488
290451
290359
290313
290271
290177
290141
290071
290055
289994
289940
289872
289866
289795
289700
289623
289563
289493
289400
289399
289398
289381
289308
289254
289224
289138
289077
289022
288959
288936
288918
288876
288833
288803
288778
288777
288683
288639
288561
288474
288400
288304
288223
288221
288147
288080
288022
288001
287922
287893
287855
287842
287781
287742
287670
287575
287514
287431
287403
287363
287301
287246
287151
287078
287042
286989
286919
286855
286825
286813
286746
286732
286647
286636
286543
286495
286484
286451
286415
286345
286343
286284
286217
286187
286168
286143
286084
286032
286003
285969
285919
285852
285775
285726
285681
285591
285575
285488
285473
285437
285396
285332
285251
285175
285096
285039
285020
284975
284939
284887
284865
284814
284753
284669
284579
284536
284496
284487
284461
284428
284421
284371
284286
284212
284174
284114
284071
284005
284002
283987
283945
283923
283897
283877
283846
283799
283772
283719
283693
283634
283566
283541
283529
283461
283442
283380
283287
283196
283107
283068
282986
282949
282934
282894
282852
282778
282748
282686
282628
282603
282557
282530
282492
282412
282404
282333
282262
282173
282080
282023
281952
281903
281867
281830
281828
281814
281725
281698
281645
281584
281562
281494
281457
281385
281374
281297
281238
281202
281173
281167
281124
281062
280975
280937
280870
280869
280824
280741
280667
280619
280618
280608
280562
280550
280533
280463
280377
280360
280323
280241
280167
280107
280103
280082
280066
280062
280042
280007
279930
279881
279831
279735
279714
279683
279610
279554
279529
279447
279421
279325
279244
279198
279170
279110
279065
279040
279016
278980
278935
278922
278880
278839
278819
278799
278754
278663
278622
278597
278553
278465
278369
278314
278232
278202
278150
278078
278045
277988
277893
277803
277740
277708
277700
277675
277643
277592
277501
277492
277405
277358
277298
277214
277133
277042
276964
276912
276854
276811
276717
276670
276607
276599
276536
276493
276401
276391
276304
276265
276173
276168
276155
276097
276038
275977
275954
275860
275828
275795
275786
275770
275706
275628
275626
275609
275531
275508
275475
275408
275335
275255
275188
275149
275064
275042
275006
274913
274871
274852
274821
274807
274738
274699
274678
274602
274594
274547
274516
274422
274358
274337
274281
274256
274192
274118
274058
273980
273935
273867
273801
273767
273697
273669
273582
273499
273448
273381
273307
273233
273201
273196
273117
273108
273054
273014
272993
272961
272879
272793
272756
272719
272669
272665
272569
272498
272463
272392
272364
272297
272270
272196
272168
272081
272044
271951
271872
271861
271835
271825
271779
271732
271640
271556
271532
271469
271407
271344
271249
271158
271115
271070
271021
271017
271011
270952
270944
270896
270854
270799
270723
270661
270621
270565
270553
270486
270471
270393
270352
270280
270260
270225
270195
270103
270087
270030
269992
269972
269918
269904
269831
269761
269720
269674
269651
269565
269511
269506
269415
269401
269385
269352
269263
269249
269219
269130
269120
269037
268960
268959
268953
268937
268916
268852
268817
268746
268652
268604
268509
268461
268455
268373
268359
268269
268174
268127
268118
268104
268063
268059
268045
268018
268006
267950
267867
267779
267686
267683
267668
267612
267560
267542
267523
267473
267443
267415
267327
267296
267257
267176
267100
267048
267009
267002
266998
266994
266955
266939
266847
266833
266804
266764
266723
266651
266642
266579
266530
266458
266388
266355
266298
266292
266218
266184
266175
266124
266061
266048
266004
265912
265866
265800
265726
265637
265577
265534
265491
265435
265412
265376
265313
265253
265196
265122
265084
265038
264952
264874
264788
264723
264685
264643
264584
264496
264477
264414
264352
264310
264252
264239
264231
264164
264075
264042
264037
263986
263965
263885
263839
263780
263750
263689
263686
263664
263643
263574
263540
263460
263377
263308
263287
263230
263169
263166
263076
263056
263032
262956
262932
262873
262806
262767
262673
262614
262571
262564
262500
262498
262414
262359
262355
262354
262326
262252
262179
262148
262080
262036
262022
262001
261980
261977
261903
261859
261777
261776
261717
261662
261635
261628
261575
261541
261462
261384
261364
261351
261320
261255
261250
261157
261111
261074
261008
260946
260875
260865
260846
260773
260751
260656
260611
260517
260496
260454
260423
260336
260271
260200
260198
260182
260139
260057
260022
260019
259972
259951
259903
259857
259831
259776
259753
259668
259643
259615
259541
259531
259442
259433
259417
259399
259338
259270
259190
259125
259095
259060
259050
259023
258989
258932
258931
258872
258827
258753
258724
258707
258703
258625
258570
258537
258503
258475
258413
258398
258305
258276
258203
258161
258121
258030
257971
257969
257967
257922
257876
257819
257788
257747
257719
257713
257625
257574
257569
257495
257466
257395
257367
257322
257295
257218
257166
257156
257093
257062
257023
256991
256910
256837
256750
256736
256727
256724
256691
256627
256560
256490
256487
256393
256346
256267
256217
256186
256135
256067
256049
256041
256033
255990
255984
255969
255968
255910
255879
255812
255809
255715
255695
255684
255629
255588
255585
255498
255439
255430
255410
255397
255327
255236
255203
255159
255152
255150
255085
255081
255044
255001
254995
254952
254931
254912
254911
254909
254862
254784
254745
254662
254647
254629
254596
254546
254469
254439
254370
254339
254295
254213
254184
254135
254079
253984
253970
253948
253871
253819
253802
253795
253746
253691
253651
253608
253521
253510
253507
253431
253341
253263
253252
253201
253116
253092
252999
252957
252923
252905
252879
252794
252774
252689
252621
252600
252578
252519
252474
252469
252459
252414
252404
252318
252227
252220
252128
252120
252030
251975
251918
251845
251770
251724
251649
251569
251512
251467
251417
251333
251253
251232
251168
251120
251050
250954
250858
250852
250762
250676
250600
250584
250545
250521
250448
250364
250286
250277
250268
250198
250185
250178
250114
250064
249973
249908
249850
249822
249772
249761
249715
249693
249655
249588
249503
249500
249474
249457
249390
249386
249359
249316
249294
249234
249163
249096
249045
248980
248956
248887
248825
248752
248708
248668
248621
248569
248557
248531
248458
248439
248343
248317
248246
248153
248150
248054
248049
248048
247957
247866
247855
247835
247798
247785
247775
247686
247644
247619
247555
247510
247480
247432
247416
247397
247360
247270
247259
247200
247145
247098
247049
247021
246987
246929
246835
246822
246820
246756
246703
246655
246654
246638
246618
246574
246556
246508
246467
246387
246365
246332
246236
246159
246141
246065
245972
245970
245948
245911
245867
245841
245752
245741
245717
245656
245598
245551
245486
245434
245404
245345
245265
245194
245150
245087
245057
245033
244945
244891
244850
244803
244748
244716
244627
244532
244490
244469
244428
244396
244356
244349
244289
244286
244261
244239
244185
244108
244107
244032
243995
243923
243874
243786
243709
243684
243651
243623
243595
243589
243551
243533
243490
243417
243322
243258
243254
243215
243136
243095
243027
242951
242892
242807
242788
242774
242720
242684
242674
242597
242576
242555
242539
242521
242499
242483
242422
242358
242269
242217
242128
242062
241976
241921
241897
241829
241765
241729
241728
241656
241607
241546
241513
241510
241474
241383
241359
241313
241291
241231
241177
241113
241030
241026
240938
240894
240886
240866
240821
240790
240745
240690
240675
240666
240609
240596
240548
240522
240503
240408
240319
240274
240191
240184
240143
240089
240062
239972
239891
239837
239773
239688
239627
239566
239485
239395
239368
239347
239290
239202
239159
239132
239121
239062
239024
239014
238985
238932
238920
238859
238803
238761
238709
238633
238544
238540
238503
238411
238325
238229
238160
238073
238032
237944
237857
237808
237726
237658
237593
237573
237541
237528
237477
237444
237356
237307
237217
237198
237136
237095
237060
236985
236983
236921
236835
236821
236766
236701
236672
236583
236495
236483
236398
236334
236333
236324
236323
236230
236174
236153
236123
236110
236040
235965
235962
235933
235852
235787
235705
235655
235568
235523
235427
235372
235368
235336
235287
235199
235138
235122
235072
235062
235053
235045
234955
234906
234882
234873
234858
234857
234794
234786
234777
234766
234747
234699
234640
234635
234607
234572
234491
234405
234356
234341
234302
234245
234159
234094
234016
234006
233946
233927
233886
233880
233828
233769
233706
233672
233636
233598
233537
233499
233476
233450
233440
233405
233345
233263
233247
233187
233154
233128
233088
232992
232966
232965
232909
232869
232811
232719
232685
232592
232568
232563
232495
232423
232394
232328
232271
232220
232190
232134
232128
232059
232004
231928
231884
231829
231821
231756
231736
231640
231553
231517
231516
231426
231376
231339
231243
231179
231099
231086
231035
230944
230858
230796
230711
230679
230674
230624
230598
230581
230551
230518
230438
230390
230316
230249
230247
230172
230079
230027
229995
229990
229982
229930
229894
229878
229835
229832
229752
229680
229650
229648
229588
229519
229490
229395
229313
229292
229290
229251
229186
229140
229135
229124
229050
228969
228882
228856
228837
228786
228772
228709
228634
228580
228505
228455
228377
228358
228292
228207
228130
228050
227978
227943
227938
227860
227838
227827
227750
227724
227707
227688
227642
227609
227572
227553
227532
227476
227455
227429
227366
227280
227202
227186
227093
227086
226991
226967
226932
226875
226873
226780
226739
226659
226590
226515
226482
226400
226357
226304
226211
226210
226158
226084
226024
225929
225919
225862
225812
225789
225771
225701
225687
225648
225637
225565
225507
225502
225494
225402
225369
225284
225256
225197
225168
225160
225077
225035
224978
224931
224891
224836
224820
224806
224764
224670
224641
224628
224537
224533
224532
224458
224454
224424
224409
224361
224268
224263
224210
224172
224077
224027
223990
223959
223891
223832
223819
223770
223734
223660
223571
223526
223431
223403
223339
223328
223305
223242
223208
223135
223049
223003
222962
222875
222806
222726
222643
222578
222520
222459
222422
222344
222285
222260
222171
222135
222110
222051
221955
221904
221851
221769
221749
221683
221646
221608
221550
221456
221408
221318
221291
221219
221164
221103
221075
221014
220942
220891
220815
220720
220634
220584
220546
220499
220482
220478
220397
220337
220249
220201
220120
220032
219965
219943
219858
219840
219760
219674
219617
219584
219536
219493
219420
219339
219270
219202
219198
219148
219116
219020
219012
218946
218923
218883
218877
218852
218820
218779
218743
218679
218612
218581
218497
218420
218342
218255
218253
218222
218146
218068
218039
217991
217920
217887
217848
217755
217742
217707
217629
217574
217499
217461
217424
217333
217246
217166
217161
217083
217082
217078
216998
216903
216822
216740
216701
216673
216640
216634
216630
216611
216573
216564
216536
216508
216469
216452
216399
216381
216295
216258
216191
216117
216090
215995
215926
215897
215849
215816
215806
215767
215731
215657
215610
215529
215495
215458
215384
215313
215262
215213
215162
215079
215051
215012
214916
214825
214748
214667
214655
214576
214565
214519
214494
214480
214447
214409
214346
214270
214223
214142
214101
214011
213923
213848
213813
213802
213741
213665
213610
213540
213535
213445
213382
213287
213218
213214
213188
213111
213097
213040
213026
212981
212928
212848
212838
212835
212757
212696
212689
212669
212665
212613
212578
212535
212506
212469
212388
212327
212314
212297
212258
212243
212193
212116
212111
212059
212045
212038
211986
211900
211854
211788
211740
211658
211589
211515
211488
211478
211422
211401
211352
211263
211171
211123
211073
211008
210951
210923
210901
210862
210844
210759
210756
210712
210637
210584
210519
210475
210401
210307
210248
210197
210128
210110
210020
209981
209915
209878
209867
209828
209736
209656
209601
209506
209453
209422
209392
209380
209291
209222
209135
209123
209088
209013
208924
208874
208836
208790
208780
208746
208717
208667
208589
208565
208541
208501
208427
208415
208350
208345
208260
208196
208155
208080
207989
207933
207854
207840
207785
207737
207674
207615
207531
207442
207349
207257
207234
207193
207146
207144
207097
207021
206991
206933
206900
206869
206823
206808
206783
206767
206701
206672
206626
206563
206539
206535
206488
206422
206369
206367
206281
206254
206217
206158
206120
206059
206053
206006
205915
205888
205883
205844
205843
205781
205690
205601
205545
205517
205447
205359
205343
205299
205238
205143
205100
205018
204958
204875
204816
204767
204690
204663
204659
204648
204635
204554
204476
204409
204382
204307
204303
204216
204196
204176
204160
204111
204047
203973
203972
203879
203803
203753
203725
203637
203556
203526
203436
203395
203346
203258
203235
203172
203152
203128
203050
203020
202969
202957
202949
202934
202872
202850
202761
202681
202641
202606
202513
202420
202327
202310
202265
202249
202174
202092
202018
201956
201861
201829
201736
201655
201612
201611
201545
201493
201486
201395
201318
201309
201289
201216
201160
201151
201106
201049
201001
200915
200893
200830
200745
200654
200600
200599
200533
200488
200485
200468
200416
200408
200333
200254
200200
200145
200142
200074
199980
199962
199925
199910
199866
199773
199746
199737
199662
199576
199498
199418
199323
199286
199285
199239
199182
199149
199125
199037
199002
198988
198956
198951
198916
198912
198836
198832
198791
198740
198658
198630
198563
198560
198551
198512
198447
198419
198329
198290
198243
198162
198121
198068
198062
197999
197948
197923
197835
197768
197708
197674
197667
197665
197625
197588
197506
197445
197367
197303
197228
197194
197147
197103
197010
197004
196942
196863
196825
196772
196733
196686
196632
196551
196459
196457
196370
196344
196326
196310
196232
196213
196209
196173
196135
196049
195988
195945
195887
195837
195785
195708
195687
195686
195665
195608
195561
195560
195536
195476
195451
195357
195306
195211
195139
195099
195063
194990
194917
194838
194808
194771
194765
194760
194718
194698
194641
194556
194519
194511
194502
194434
194407
194329
194240
194225
194182
194171
194128
194121
194115
194028
193977
193912
193843
193794
193744
193726
193669
193584
193516
193484
193418
193340
193300
193213
193181
193116
193042
193025
192985
192945
192904
192882
192879
192853
192802
192790
192742
192718
192697
192639
192614
192540
192526
192520
192461
192414
192326
192325
192273
192247
192246
192240
192237
192160
192146
192115
192079
192073
192038
192034
192030
191988
191944
191905
191835
191821
191765
191728
191669
191642
191570
191520
191456
191408
191343
191265
191178
191142
191096
191041
190968
190877
190842
190776
190768
190712
190623
190599
190539
190486
190448
190433
190374
190307
190292
190231
190221
190169
190092
190015
190011
189986
189898
189870
189822
189779
189717
189623
189589
189538
189455
189439
189417
189373
189355
189333
189266
189213
189147
189071
189070
189003
188921
188910
188854
188781
188751
188736
188720
188626
188553
188493
188400
188390
188382
188297
188203
188113
188097
188096
188026
187930
187898
187891
187819
187808
187723
187647
187573
187540
187465
187379
187301
187234
187213
187167
187103
187080
187000
186929
186888
186840
186769
186710
186623
186618
186595
186556
186523
186483
186447
186418
186337
186264
186218
186202
186124
186115
186101
186060
186030
186022
185946
185909
185887
185851
185836
185744
185671
185584
185565
185531
185496
185454
185404
185349
185346
185282
185226
185137
185119
185050
185016
184925
184834
184783
184746
184662
184631
184616
184556
184554
184551
184482
184439
184387
184330
184325
184251
184228
184226
184199
184141
184046
184044
184042
183988
183945
183943
183875
183836
183805
183758
183679
183600
183515
183435
183411
183325
183298
183289
183288
183234
183164
183094
183020
182938
182925
182834
182808
182803
182788
182699
182652
182580
182562
182475
182470
182384
182338
182317
182221
182197
182168
182139
182126
182068
182027
182013
181940
181924
181859
181793
181789
181704
181623
181549
181539
181463
181385
181308
181263
181259
181234
181166
181142
181059
181057
181031
180979
180911
180887
180882
180836
180812
180769
180760
180678
180663
180580
180511
180421
180376
180316
180303
180299
180287
180262
180254
180176
180115
180041
180005
179910
179859
179769
179700
179681
179676
179645
179561
179502
179500
179492
179472
179428
179352
179261
179253
179239
179174
179148
179093
179033
179011
178991
178903
178882
178875
178873
178796
178750
178737
178685
178604
178537
178512
178493
178470
178397
178392
178341
178304
178273
178226
178155
178146
178097
178036
178002
177939
177846
177794
177705
177678
177632
177542
177481
177397
177350
177332
177262
177234
177228
177179
177131
177038
176956
176952
176935
176931
176892
176884
176879
176798
176706
176627
176569
176566
176504
176422
176401
176360
176328
176315
176271
176228
176199
176145
176087
175997
175909
175866
175855
175779
175730
175654
175610
175552
175523
175504
175501
175474
175412
175402
175369
175360
175331
175286
175262
175185
175106
175058
174962
174873
174869
174820
174746
174659
174622
174551
174460
174441
174381
174373
174307
174236
174168
174105
174077
174065
173994
173953
173937
173891
173839
173780
173744
173674
173631
173542
173496
173488
173452
173439
173345
173337
173296
173222
173195
173193
173179
173124
173074
173062
173056
173054
173050
173014
172956
172888
172817
172728
172680
172624
172539
172489
172401
172381
172291
172215
172190
172099
172050
172000
171916
171859
171785
171767
171755
171734
171696
171618
171556
171552
171504
171478
171444
171368
171273
171239
171187
171147
171113
171039
171014
170942
170883
170788
170712
170664
170639
170552
170512
170419
170349
170326
170306
170221
170162
170066
170016
169993
169927
169848
169838
169773
169737
169680
169664
169649
169559
169533
169528
169481
169422
169415
169332
169302
169295
169218
169149
169130
169094
169037
168946
168850
168764
168744
168707
168636
168614
168551
168530
168500
168406
168353
168323
168285
168258
168182
168125
168052
168049
168003
167956
167888
167850
167778
167697
167668
167631
167551
167457
167382
167372
167314
167220
167184
167156
167105
167058
166990
166919
166896
166821
166784
166776
166724
166632
166554
166482
166451
166430
166356
166274
166241
166225
166204
166198
166131
166102
166062
165973
165939
165932
165925
165897
165885
165860
165817
165778
165728
165666
165606
165549
165535
165533
165492
165446
165379
165314
165238
165201
165174
165162
165081
165054
164988
164907
164846
164831
164828
164757
164672
164582
164501
164436
164385
164348
164309
164285
164268
164208
164186
164112
164076
164074
164072
164057
163965
163918
163883
163790
163788
163721
163710
163704
163615
163545
163456
163367
163342
163323
163274
163256
163180
163152
163062
162980
162967
162953
162863
162784
162768
162723
162694
162612
162597
162522
162499
162441
162345
162250
162163
162153
162135
162039
162033
162011
161992
161897
161858
161834
161777
161753
161725
161689
161661
161619
161551
161537
161454
161446
161359
161288
161192
161103
161094
160998
160961
160885
160810
160727
160651
160564
160474
160386
160302
160257
160179
160124
160060
159988
159892
159853
159812
159730
159710
159635
159605
159602
159586
159505
159489
159430
159380
159287
159216
159181
159164
159151
159133
159048
158969
158885
158822
158798
158752
158693
158627
158584
158534
158529
158458
158379
158328
158306
158266
158212
158195
158133
158053
158036
157943
157894
157828
157775
157755
157741
157653
157591
157500
157449
157444
157363
157273
157203
157152
157072
157051
157050
157005
156931
156837
156793
156785
156778
156702
156638
156543
156534
156472
156405
156330
156237
156200
156114
156069
156047
156021
155993
155989
155896
155813
155726
155666
155607
155537
155518
155508
155469
155404
155335
155316
155268
155241
155158
155138
155126
155039
155008
154991
154895
154881
154825
154731
154637
154547
154488
154447
154392
154368
154329
154275
154191
154135
154044
153988
153899
153818
153742
153650
153628
153582
153547
153502
153498
153435
153395
153354
153340
153288
153196
153192
153132
153103
153034
152940
152893
152887
152853
152780
152739
152714
152702
152657
152595
152566
152507
152456
152455
152417
152322
152269
152262
152193
152107
152043
152029
151933
151911
151904
151885
151789
151704
151657
151588
151582
151576
151559
151513
151470
151407
151393
151387
151297
151260
151166
151107
151032
150964
150887
150795
150727
150647
150640
150545
150521
150497
150476
150394
150379
150360
150290
150259
150242
150162
150072
150019
149954
149869
149789
149777
149688
149616
149580
149497
149418
149414
149343
149266
149175
149144
149086
149065
149003
148950
148872
148797
148773
148761
148756
148700
148689
148650
148639
148562
148545
148473
148456
148367
148328
148309
148289
148245
148174
148151
148145
148055
147966
147923
147856
147852
147768
147742
147678
147657
147570
147561
147515
147472
147448
147360
147345
147274
147178
147145
147061
146985
146945
146892
146856
146830
146787
146746
146744
146689
146637
146585
146575
146511
146497
146436
146403
146374
146363
146300
146204
146187
146116
146069
146000
145905
145902
145853
145779
145763
145716
145656
145562
145498
145473
145378
145355
145274
145239
145143
145096
145045
145033
144983
144919
144886
144817
144760
144683
144654
144610
144609
144596
144526
144514
144482
144464
144380
144293
144287
144239
144177
144165
144119
144078
143989
143982
143897
143816
143769
143723
143688
143621
143538
143526
143482
143413
143397
143373
143295
143273
143200
143183
143175
143117
143023
142971
142938
142925
142842
142827
142756
142751
142745
142698
142643
142577
142530
142491
142412
142323
142262
142223
142192
142121
142100
142049
142033
141972
141900
141833
141739
141704
141680
141618
141529
141435
141424
141371
141354
141323
141318
141275
141201
141165
141150
141068
141060
141020
140938
140858
140787
140743
140697
140662
140630
140587
140572
140497
140473
140384
140325
140304
140239
140215
140155
140071
139984
139947
139913
139867
139831
139793
139734
139683
139599
139510
139446
139396
139334
139292
139221
139125
139103
139009
138925
138881
138866
138817
138722
138626
138606
138604
138573
138545
138451
138360
138331
138260
138254
138217
138170
138111
138028
138012
137922
137846
137785
137763
137698
137616
137552
137503
137455
137389
137353
137296
137288
137231
137187
137184
137153
137077
137017
137014
136918
136882
136842
136767
136750
136664
136637
136628
136548
136500
136480
136426
136377
136319
136279
136188
136103
136041
135956
135868
135839
135830
135787
135778
135766
135730
135678
135634
135611
135596
135545
135452
135398
135339
135294
135286
135198
135184
135104
135100
135038
135018
134999
134947
134929
134882
134821
134810
134791
134752
134666
134664
134614
134556
134530
134524
134497
134437
134357
134310
134253
134236
134140
134070
134022
133940
133911
133820
133731
133712
133705
133633
133625
133564
133520
133429
133409
133356
133355
133285
133216
133194
133192
133100
133089
133088
133014
132991
132922
132907
132881
132824
132804
132772
132696
132620
132547
132513
132510
132430
132375
132309
132264
132171
132145
132057
132055
131993
131985
131892
131808
131795
131737
131685
131600
131563
131493
131415
131331
131330
131240
131176
131087
131082
130993
130986
130976
130974
130911
130861
130820
130781
130689
130655
130562
130546
130451
130356
130292
130228
130190
130100
130057
130019
130004
129922
129906
129811
129733
129680
129597
129525
129503
129427
129399
129315
129262
129202
129182
129179
129142
129110
129077
129041
128972
128936
128855
128805
128746
128670
128614
128525
128435
128363
128338
128323
128260
128182
128110
128043
127951
127870
127865
127817
127806
127765
127686
127683
127666
127602
127552
127522
127455
127388
127313
127293
127291
127286
127201
127120
127068
126996
126994
126960
126913
126852
126829
126787
126765
126679
126639
126544
126496
126464
126376
126284
126268
126245
126159
126123
126119
126038
126034
125943
125867
125862
125852
125805
125788
125758
125740
125700
125633
125593
125525
125493
125407
125352
125335
125299
125255
125180
125161
125152
125063
124979
124890
124828
124746
124734
124698
124613
124579
124504
124498
124472
124377
124345
124281
124262
124243
124158
124139
124123
124048
124043
124019
124000
123996
123961
123869
123806
123787
123723
123705
123670
123667
123613
123571
123548
123461
123424
123338
123307
123245
123235
123143
123123
123036
122997
122944
122849
122765
122669
122581
122525
122498
122495
122489
122447
122421
122376
122299
122282
122247
122237
122175
122104
122023
121944
121924
121877
121835
121753
121710
121647
121615
121563
121528
121520
121514
121470
121407
121386
121358
121267
121219
121200
121109
121052
120965
120895
120822
120809
120807
120717
120661
120590
120543
120462
120370
120336
120306
120271
120234
120202
120136
120073
120005
119943
119940
119848
119804
119757
119661
119637
119584
119537
119441
119431
119361
119356
119325
119296
119261
119195
119130
119044
119032
118944
118914
118897
118808
118788
118702
118699
118610
118550
118512
118472
118389
118300
118226
118162
118082
118020
117970
117884
117870
117790
117784
117749
117733
117691
117633
117584
117504
117456
117455
117396
117334
117298
117259
117173
117084
117025
116962
116954
116866
116791
116780
116760
116673
116585
116568
116531
116446
116413
116377
116355
116260
116190
116121
116119
116086
115994
115986
115929
115843
115805
115758
115694
115636
115552
115464
115459
115373
115316
115311
115260
115204
115157
115110
115047
115021
114933
114853
114775
114763
114701
114642
114570
114531
114478
114384
114327
114290
114280
114242
114171
114137
114113
114028
113972
113949
113869
113782
113693
113607
113543
113517
113447
113373
113351
113325
113314
113255
113251
113159
113117
113021
112999
112978
112956
112893
112862
112848
112752
112714
112687
112666
112590
112501
112405
112337
112336
112313
112263
112228
112191
112125
112088
112026
112014
111996
111945
111858
111834
111810
111800
111761
111746
111671
111615
111529
111514
111429
111345
111253
111181
111120
111075
111009
110931
110894
110841
110779
110757
110742
110652
110634
110595
110563
110505
110459
110376
110310
110258
110163
110127
110085
110022
110007
109945
109890
109855
109784
109733
109654
109650
109562
109515
109480
109433
109413
109335
109307
109258
109172
109122
109041
108993
108992
108958
108910
108870
108788
108736
108698
108669
108611
108608
108606
108553
108497
108447
108381
108379
108314
108301
108217
108165
108112
108111
108062
108016
107941
107864
107825
107750
107681
107658
107579
107557
107539
107453
107423
107330
107243
107216
107184
107117
107093
107089
107040
106976
106901
106828
106766
106750
106690
106648
106629
106608
106567
106480
106474
106396
106346
106258
106172
106089
106068
106005
105942
105869
105861
105811
105791
105745
105723
105721
105647
105573
105518
105443
105382
105288
105199
105194
105107
105050
104983
104888
104796
104741
104665
104585
104544
104542
104538
104500
104405
104329
104269
104194
104105
104079
104000
103915
103879
103874
103804
103711
103617
103612
103582
103492
103452
103410
103364
103269
103173
103135
103087
103057
102985
102944
102880
102816
102794
102747
102656
102641
102631
102591
102544
102508
102479
102419
102370
102369
102297
102275
102217
102125
102056
101975
101956
101946
101941
101850
101801
101741
101703
101681
101636
101633
101542
101538
101450
101357
101325
101278
101182
101114
101087
101053
100970
100890
100856
100763
100717
100625
100531
100511
100446
100428
100335
100258
100208
100188
100132
100115
100078
100030
99981
99891
99871
99849
99801
99707
99656
99602
99522
99472
99435
99378
99294
99245
99181
99154
99077
98993
98953
98881
98841
98788
98717
98676
98584
98582
98503
98479
98434
98381
98357
98295
98273
98202
98159
98074
98023
97964
97955
97926
97858
97833
97775
97712
97623
97537
97528
97457
97365
97274
97232
97214
97123
97031
97016
96996
96968
96909
96877
96809
96727
96666
96591
96565
96524
96517
96445
96427
96399
96309
96301
96219
96165
96162
96131
96082
96002
95958
95952
95867
95858
95775
95715
95631
95535
95480
95456
95438
95383
95349
95341
95268
95243
95237
95146
95137
95100
95033
94969
94929
94890
94851
94845
94792
94717
94677
94673
94611
94595
94540
94476
94380
94350
94307
94259
94212
94199
94164
94145
94117
94103
94098
94095
94074
94036
93988
93936
93860
93845
93798
93738
93673
93614
93529
93518
93516
93497
93478
93454
93367
93305
93302
93234
93141
93088
93066
93031
93013
92995
92900
92886
92845
92827
92800
92711
92668
92607
92529
92439
92411
92386
92317
92308
92238
92167
92139
92102
92050
92034
91962
91925
91923
91866
91828
91764
91735
91683
91615
91539
91523
91505
91470
91427
91418
91322
91265
91189
91093
91002
90928
90866
90815
90768
90739
90685
90662
90647
90632
90593
90518
90498
90482
90457
90377
90298
90246
90224
90199
90175
90145
90127
90070
89981
89964
89945
89868
89790
89763
89744
89725
89636
89540
89494
89437
89349
89347
89269
89173
89169
89160
89148
89115
89023
88965
88943
88890
88851
88820
88796
88785
88758
88663
88578
88484
88415
88410
88334
88305
88287
88215
88139
88087
88055
88015
87978
87926
87858
87839
87770
87697
87635
87629
87538
87535
87462
87458
87397
87382
87342
87315
87242
87224
87135
87044
86981
86978
86962
86947
86856
86817
86755
86684
86616
86558
86513
86488
86406
86385
86384
86311
86283
86271
86241
86234
86199
86139
86096
86080
86001
85973
85911
85904
85867
85832
85779
85698
85613
85587
85530
85457
85432
85381
85304
85262
85190
85110
85082
85068
84979
84967
84889
84859
84843
84794
84726
84668
84635
84601
84567
84493
84401
84351
84317
84294
84265
84255
84189
84171
84170
84113
84030
83953
83862
83808
83771
83691
83679
83599
83581
83524
83435
83430
83351
83349
83282
83241
83201
83135
83127
83125
83045
82959
82866
82813
82796
82746
82740
82718
82665
82612
82592
82519
82448
82361
82296
82268
82175
82110
82086
82051
82012
81929
81922
81877
81816
81758
81682
81606
81593
81584
81553
81545
81516
81505
81435
81357
81297
81242
81231
81212
81209
81158
81155
81070
81031
81022
80991
80951
80926
80836
80782
80699
80639
80590
80580
80529
80510
80447
80357
80297
80271
80188
80137
80116
80097
80039
79943
79892
79846
79829
79764
79734
79723
79687
79607
79511
79456
79440
79423
79352
79270
79257
79166
79128
79056
79002
78980
78972
78955
78913
78835
78833
78802
78768
78695
78616
78525
78469
78383
78310
78296
78261
78167
78150
78074
78066
77983
77968
77905
77821
77744
77683
77629
77537
77482
77418
77325
77313
77251
77205
77140
77134
77058
77054
77035
76951
76924
76855
76843
76750
76665
76574
76519
76516
76489
76469
76454
76440
76409
76365
76347
76272
76221
76203
76125
76093
76042
75962
75867
75827
75763
75688
75624
75596
75531
75508
75504
75475
75389
75387
75352
75289
75281
75188
75149
75067
75033
74940
74860
74775
74770
74726
74673
74628
74532
74500
74490
74443
74370
74313
74299
74240
74230
74215
74148
74087
74002
73919
73858
73781
73762
73759
73689
73596
73505
73436
73397
73329
73266
73232
73185
73120
73088
73074
73014
72940
72867
72860
72799
72725
72647
72560
72528
72477
72395
72343
72318
72250
72180
72088
72022
71962
71881
71790
71767
71676
71670
71604
71595
71574
71488
71474
71384
71358
71315
71306
71268
71261
71205
71109
71052
71034
70967
70940
70891
70808
70737
70674
70661
70587
70549
70546
70541
70531
70482
70462
70417
70360
70307
70214
70210
70182
70125
70054
69991
69932
69857
69821
69742
69673
69638
69556
69471
69441
69399
69366
69273
69242
69199
69192
69110
69085
69068
69039
69009
68921
68850
68787
68729
68673
68583
68523
68444
68410
68371
68313
68264
68198
68117
68042
67992
67979
67901
67890
67863
67814
67745
67688
67628
67575
67520
67427
67351
67317
67242
67163
67151
67100
67047
67012
66997
66992
66979
66950
66913
66827
66748
66658
66626
66622
66533
66499
66404
66314
66244
66182
66159
66151
66080
66028
65985
65951
65892
65821
65798
65791
65749
65682
65589
65571
65543
65540
65457
65364
65344
65280
65278
65204
65181
65161
65068
64991
64895
64849
64795
64718
64632
64549
64541
64497
64490
64485
64412
64358
64291
64239
64219
64212
64210
64117
64112
64089
64087
63993
63934
63878
63858
63824
63759
63678
63647
63558
63473
63426
63331
63238
63222
63157
63091
63050
62970
62900
62825
62800
62774
62702
62643
62640
62576
62549
62493
62462
62389
62387
62358
62296
62252
62172
62121
62092
62088
62001
61999
61990
61964
61924
61850
61821
61795
61713
61638
61570
61554
61551
61548
61469
61416
61369
61358
61278
61203
61150
61099
61004
60935
60906
60904
60808
60712
60646
60594
60536
60495
60465
60387
60351
60301
60291
60238
60223
60222
60210
60124
60099
60021
59963
59923
59888
59862
59839
59820
59732
59725
59666
59652
59557
59514
59422
59328
59314
59306
59280
59198
59190
59181
59101
59063
59026
59019
58988
58898
58886
58814
58793
58733
58711
58621
58586
58579
58495
58437
58385
58355
58274
58269
58199
58198
58164
58097
58010
57992
57916
57856
57843
57762
57750
57669
57616
57534
57486
57402
57356
57263
57228
57195
57150
57066
56980
56928
56888
56833
56816
56780
56765
56751
56705
56654
56595
56540
56493
56450
56374
56364
56299
56239
56216
56152
56075
56037
56005
55943
55847
55843
55817
55816
55794
55742
55738
55651
55638
55623
55611
55607
55512
55472
55441
55372
55348
55344
55311
55225
55220
55142
55140
55133
55116
55047
54961
54921
54834
54827
54790
54713
54625
54555
54529
54521
54505
54480
54428
54375
54323
54271
54193
54157
54120
54109
54056
54028
53959
53868
53812
53781
53778
53695
53694
53647
53585
53537
53534
53452
53409
53381
53309
53268
53260
53233
53158
53116
53039
52969
52935
52857
52765
52703
52653
52614
52599
52583
52567
52531
52510
52469
52397
52395
52361
52358
52304
52221
52172
52094
52050
52027
51980
51920
51824
51730
51704
51631
51599
51540
51464
51442
51399
51313
51233
51162
51070
51018
50969
50899
50884
50804
50768
50720
50626
50542
50481
50478
50458
50393
50346
50313
50251
50174
50099
50019
49931
49853
49781
49726
49633
49555
49549
49465
49381
49317
49227
49171
49126
49115
49096
49015
48928
48846
48790
48784
48778
48754
48691
48632
48597
48510
48428
48372
48281
48236
48202
48146
48061
47965
47926
47831
47769
47720
47679
47592
47505
47451
47450
47432
47343
47333
47316
47296
47290
47287
47245
47153
47083
47015
46961
46946
46889
46866
46856
46777
46718
46639
46611
46536
46475
46380
46355
46352
46313
46284
46261
46214
46126
46082
46018
45989
45932
45854
45760
45751
45685
45630
45618
45590
45579
45560
45527
45431
45377
45348
45315
45254
45179
45162
45139
45098
45078
45039
44996
44906
44823
44787
44725
44707
44697
44671
44613
44599
44511
44463
44413
44343
44275
44198
44106
44048
44030
43935
43856
43812
43809
43758
43722
43719
43713
43633
43571
43500
43410
43385
43381
43354
43328
43327
43249
43195
43170
43082
43072
43020
42942
42915
42854
42760
42673
42633
42539
42512
42501
42464
42383
42337
42306
42299
42204
42127
42040
41976
41884
41815
41735
41684
41620
41534
41508
41442
41438
41383
41379
41316
41251
41228
41157
41120
41028
40996
40977
40909
40907
40874
40816
40739
40688
40687
40600
40554
40514
40493
40416
40343
40303
40258
40217
40186
40140
40102
40092
40045
39984
39942
39936
39867
39834
39774
39748
39676
39672
39648
39645
39567
39518
39505
39479
39421
39370
39361
39324
39260
39181
39165
39127
39034
39016
39014
38945
38938
38853
38781
38734
38721
38663
38635
38593
38549
38532
38452
38416
38394
38358
38337
38280
38256
38225
38187
38108
38060
37972
37948
37942
37877
37821
37786
37764
37732
37654
37593
37551
37480
37390
37379
37358
37308
37292
37280
37227
37189
37139
37115
37048
37011
36920
36848
36756
36664
36613
36584
36534
36529
36437
36349
36255
36254
36227
36198
36114
36067
36037
35941
35849
35845
35806
35768
35761
35749
35733
35638
35601
35518
35502
35440
35351
35348
35277
35273
35194
35115
35072
35000
34931
34875
34849
34761
34754
34707
34690
34660
34658
34563
34529
34475
34440
34431
34390
34347
34303
34247
34207
34178
34105
34069
34059
34010
33914
33855
33772
33692
33671
33577
33513
33491
33444
33387
33386
33311
33285
33190
33099
33069
32985
32924
32908
32904
32817
32810
32751
32675
32599
32565
32516
32454
32392
32349
32337
32323
32297
32294
32288
32237
32197
32186
32105
32088
32078
32048
31952
31882
31844
31805
31709
31678
31596
31501
31434
31421
31339
31257
31227
31219
31213
31165
31088
31072
31020
30974
30963
30868
30850
30773
30733
30654
30595
30553
30486
30423
30404
30351
30337
30286
30258
30256
30233
30166
30148
30079
30031
29952
29874
29857
29842
29761
29722
29701
29623
29573
29536
29453
29358
29321
29275
29223
29153
29118
29115
29110
29079
29031
29004
28948
28860
28775
28689
28685
28636
28603
28537
28456
28428
28396
28301
28294
28261
28186
28153
28130
28098
28064
28012
27930
27871
27831
27829
27794
27783
27720
27698
27617
27541
27515
27479
27422
27350
27300
27275
27220
27147
27117
27072
26978
26930
26872
26777
26739
26667
26584
26568
26532
26506
26459
26384
26328
26274
26227
26218
26179
26164
26092
26065
25994
25917
25861
25816
25734
25703
25624
25549
25468
25450
25413
25412
25407
25314
25242
25192
25106
25036
25004
24965
24942
24847
24769
24712
24693
24641
24639
24599
24521
24505
24475
24456
24453
24439
24363
24286
24269
24202
24120
24070
23974
23934
23927
23885
23849
23793
23737
23685
23615
23613
23562
23475
23382
23299
23281
23189
23102
23062
23013
22954
22921
22907
22867
22855
22811
22753
22682
22611
22555
22472
22407
22314
22274
22230
22144
22098
22010
21990
21982
21927
21851
21780
21715
21672
21586
21568
21518
21440
21351
21308
21261
21193
21145
21094
21002
21001
20976
20924
20835
20755
20701
20664
20589
20509
20505
20449
20359
20349
20265
20181
20137
20134
20097
20036
19980
19940
19926
19831
19812
19748
19675
19639
19545
19468
19454
19452
19383
19310
19265
19196
19123
19046
19000
18974
18969
18900
18870
18826
18773
18767
18719
18665
18586
18506
18452
18435
18357
18332
18279
18202
18179
18114
18091
18029
17997
17964
17892
17872
17798
17755
17664
17646
17615
17556
17543
17448
17436
17418
17395
17347
17255
17217
17137
17051
17043
16969
16886
16800
16711
16683
16655
16607
16515
16447
16437
16375
16292
16223
16205
16153
16063
16031
15988
15925
15879
15798
15796
15723
15702
15615
15605
15592
15529
15434
15422
15365
15317
15314
15235
15161
15069
15000
14992
14975
14916
14860
14795
14779
14703
14609
14587
14581
14570
14483
14459
14393
14310
14298
14269
14255
14160
14129
14090
14037
13979
13908
13852
13840
13838
13775
13692
13642
13579
13567
13494
13465
13370
13319
13274
13195
13116
13063
13044
13001
12945
12929
12857
12853
12762
12718
12667
12592
12499
12431
12395
12327
12298
12266
12205
12200
12116
12050
12028
11943
11902
11819
11741
11711
11641
11620
11547
11503
11486
11413
11371
11297
11258
11197
11167
11120
11096
11018
10968
10918
10843
10767
10700
10608
10521
10457
10424
10402
10379
10336
10334
10277
10230
10137
10079
10013
9971
9906
9860
9776
9701
9642
9602
9584
9517
9498
9463
9372
9339
9290
9246
9167
9143
9128
9116
9036
8969
8948
8913
8903
8840
8790
8746
8716
8670
8645
8621
8609
8515
8451
8446
8429
8421
8379
8303
8229
8166
8152
8072
7982
7947
7860
7805
7775
7719
7671
7588
7526
7434
7395
7320
7294
7286
7206
7148
7146
7056
6973
6888
6874
6872
6818
6798
6767
6764
6757
6673
6642
6628
6592
6532
6524
6492
6484
6461
6418
6349
6348
6332
6298
6243
6239
6156
6067
6055
6009
5967
5905
5887
5859
5776
5729
5665
5616
5605
5595
5571
5553
5476
5394
5391
5302
5280
5208
5152
5097
5017
5005
4991
4939
4861
4828
4780
4746
4745
4668
4647
4620
4582
4581
4502
4456
4451
4428
4336
4251
4232
4139
4055
3963
3906
3892
3891
3840
3812
3732
3648
3641
3552
3502
3458
3427
3356
3350
3311
3221
3205
3113
3054
2987
2967
2879
2832
2758
2752
2696
2643
2619
2580
2486
2458
2451
2393
2388
2312
2304
2258
2206
2199
2170
2145
2051
1967
1910
1843
1758
1723
1630
1606
1519
1462
1379
1335
1273
1203
1174
1166
1089
1043
953
947
851
802
791
741
659
617
580
575
548
537
523
493
476
390
337
283
264
214
206
141
88
41
