5
12
20
25
33
41
46
13556
51
57
61
62
70
71
80
89
94
97
99
103
106
110
113
117
119
121
123
125
131
135
143
151
160
169
171
175
181
184
188
194
201
203
210
211
218
220
229
235
243
247
253
259
263
270
278
282
283
20842
287
292
301
308
317
320
325
333
341
344
345
350
356
359
364
372
380
386
391
397
400
406
412
415
419
422
430
439
442
444
448
453
462
470
479
483
489
492
500
503
506
510
513
519
521
529
534
538
544
549
558
561
562
564
570
572
576
584
587
596
605
609
616
624
631
25798
637
640
642
650
652
659
665
671
673
674
683
686
687
694
698
704
710
711
717
720
722
728
737
741
746
747
755
757
764
765
773
781
786
791
800
801
806
811
813
821
825
828
836
838
845
846
855
859
862
866
871
876
885
891
896
904
911
916
919
924
930
939
940
948
955
964
970
972
980
984
988
997
1000
1008
1017
1025
1034
1042
1051
1053
1058
1063
1071
1074
1083
1088
1091
1095
1103
1108
1115
1116
1121
1129
1132
1137
1139
1147
1155
1159
1161
1170
1179
1180
1189
1190
1194
1197
1206
1212
1220
1226
1229
3478
1231
1236
1241
1250
1255
1260
1264
1271
1277
1281
1287
1290
1291
1294
1298
1304
1309
1315
1317
1325
1326
1331
1338
1342
1344
1345
1350
1356
1359
1362
1367
1373
1378
1381
1382
1388
1389
1392
1395
1396
1404
1410
1416
1423
1427
1429
1438
1443
1449
1453
1454
1456
1463
1466
1468
1469
1470
1479
1482
1484
1485
1488
1494
1500
1502
1506
1510
1517
1524
1533
1535
1536
1540
1549
1553
1560
1564
1573
1579
1583
1584
1588
1591
1594
1599
1601
1606
1615
1623
1631
1638
1644
1651
1658
1664
1673
1675
1679
1682
1690
1693
1697
1698
1707
1714
1716
1718
1725
1726
1728
1730
1733
1740
1742
1743
1751
1758
1760
1765
1766
1769
1778
1784
1785
1790
1796
1803
1812
1820
1824
1828
1835
1839
6544
1848
1851
1859
1862
1867
1871
1873
1879
1881
1890
1897
1902
1904
1910
1915
1917
1919
1928
1934
1936
1943
1944
1946
1949
1955
1960
1963
1966
1969
1973
1978
1979
1985
2836
1989
1997
2001
2002
2003
2009
2013
2014
2022
2031
2035
2041
2049
2052
2059
2066
2069
2071
2073
2077
2084
2085
2089
2096
2105
2112
2121
2126
2130
2135
2137
2141
2149
2154
2162
2163
2168
2172
2178
2182
2186
2192
2196
2199
2207
2210
2219
2224
2232
2234
2237
2244
2245
2251
2256
2258
2259
2263
2272
2274
2276
2282
2287
2295
2297
2301
2304
2313
2322
2331
2333
2337
2341
2343
2349
2353
2360
2366
2375
2384
2391
2396
2404
2405
2412
2420
2428
2431
2439
2446
2447
2448
2451
2458
2464
2467
2468
2471
2479
2485
2486
2491
2493
2500
2927
2506
2507
2509
2513
2522
2529
2536
2541
2550
2558
2566
2574
2577
2585
2594
2603
2609
2613
2622
2631
2635
2638
2645
2649
2654
2655
2656
2657
2666
2668
2671
2677
2682
2684
2693
2697
2703
21226
2709
2716
2725
2733
2734
2738
2744
2745
2750
2755
2760
2764
2768
18449
2771
2776
2785
2790
2793
2801
2810
2814
2815
2819
2822
2825
2832
2836
2845
2852
2855
2857
2861
2870
2876
2878
2887
2892
2896
2900
2904
2911
2920
2928
2932
2936
2945
2949
2957
2959
2962
2963
2970
2973
2977
2984
2990
2993
2997
3002
3006
3011
3012
3014
3016
3018
3027
3031
3034
3036
3042
3049
3050
3051
3055
3058
3060
3064
3071
3077
3080
3089
3096
3097
3103
3104
3109
3117
3126
3130
3136
3144
3146
3147
3149
3158
3161
3162
3166
3174
3180
3188
3195
3199
3205
3207
3211
3220
3221
3229
3230
3234
3236
3239
3247
3256
3259
3267
3269
3274
3276
3280
3284
3291
3298
3299
3306
3315
3322
3327
3329
3334
3335
3343
3344
3349
3358
3363
3365
3366
3368
3374
3377
3384
3387
3394
3400
3404
3409
3412
3420
3423
3427
3435
3441
3449
3457
3463
3466
3471
3475
3480
3489
3491
3492
3500
3505
3508
3510
3514
3519
3523
3532
3535
3543
3552
3556
3557
3558
3560
3564
3569
3576
3580
3584
3593
3602
3605
3610
3614
3621
3628
3634
3639
3643
3646
3655
3658
3664
3671
3680
3682
3690
3695
3702
3706
3710
3715
3716
3719
3724
3725
3732
3734
3742
3743
3752
3758
3765
3766
3769
3773
3782
3786
3788
3791
3800
3801
3804
3806
3813
3820
3823
3828
3830
3837
3846
3854
3860
3868
3871
3878
3880
3889
3892
3900
3906
3909
3915
3924
3933
3939
3946
3955
3959
3962
3971
31783
3972
3975
3983
3985
3988
3996
4000
4009
4013
4022
4026
4031
4038
4041
4043
4051
4055
4059
4063
4065
4074
4077
4082
4086
4088
4089
4093
4101
4109
4116
4122
4131
4135
4143
4151
4156
4160
4167
4176
4181
4188
4191
4194
4195
4202
4204
4211
4215
4219
4228
4234
4241
4242
12419
4248
4254
4262
4266
4272
4276
4284
4289
4291
4300
4306
4308
4310
4312
4315
4324
4329
4331
4338
4342
4351
4354
4357
4360
4366
4369
4372
4381
4385
4393
4402
4403
4406
4412
4421
4426
4428
4430
4431
4436
4437
4442
4443
4452
4455
4458
4461
4468
4477
4483
4484
4493
4502
4503
4512
4520
4522
4526
4528
4534
4541
4550
4552
4559
4566
4574
12516
4583
4587
4595
4603
4608
4612
4613
4619
4626
4628
4636
4640
4646
4649
4656
4660
4667
4673
4678
4680
4683
4684
4685
4687
4694
4703
4708
4709
4716
4722
4728
4730
4734
4737
4743
4752
4753
4761
4765
4771
4772
4780
4789
4792
4794
4800
4801
4804
4813
4822
4829
4834
4838
4846
4854
4858
4863
4868
4869
4872
4881
4885
4892
4897
4899
4900
4901
4903
4904
4913
31203
4917
4924
4932
4934
4943
4952
4958
4967
4969
4977
4979
4984
4990
4999
5000
5002
5004
5006
5012
5014
5018
5024
5027
5035
5042
5049
5050
5056
5060
5064
5070
5075
5080
5088
5095
5102
5109
5115
5123
5129
5130
5134
5137
5139
5142
5151
5152
5161
5167
5168
5174
5181
5186
5194
5195
5203
5208
5217
5223
5224
5226
5230
21204
5233
5234
5237
5241
5242
5247
5255
5261
5266
5269
5272
5274
5278
5279
5283
5285
5291
5298
5306
5315
5320
5328
5331
5335
5342
5346
5354
5361
5364
5365
5367
5375
5382
5386
5388
5390
5398
5402
5407
5411
5414
5415
5420
5423
5425
5432
5439
5441
5448
5453
5454
5458
5459
5465
5474
5483
5484
5487
5492
5500
5501
5502
5506
5507
5508
5511
5520
5522
5525
5532
5537
5539
5540
5543
5546
5549
5556
5560
5566
5573
5579
5587
5591
5594
5600
5604
5613
5621
5625
5630
5633
5642
5643
5652
5660
5663
5670
5672
5680
5681
12393
5688
5692
5701
5704
5705
5707
5715
5722
5726
5732
5737
5745
5751
5752
5760
5762
5763
5768
5777
5778
5782
5789
5790
5797
5802
5805
5813
5815
5817
5822
5824
5827
5833
5837
5839
12810
5840
5846
5853
5855
5863
5869
5877
5879
5883
5891
5899
5908
5909
5911
5913
5914
5922
5925
5932
5933
5941
5945
5952
5956
5961
5964
5971
5973
5980
5983
5987
5989
5991
5994
6000
6006
6009
6016
6019
6028
6035
6043
6047
6056
6063
6065
6067
6068
6073
6075
6078
6081
6088
6097
6103
6110
6115
6124
6129
6132
6135
6142
6151
6160
6162
6166
6173
6174
6177
6182
6191
6195
6204
6209
6218
6225
6228
6236
6241
6246
6252
6255
6261
6266
6272
19919
6273
6278
6284
6292
6298
6304
6307
6312
6313
6322
6323
6330
6338
6346
6350
6351
6358
6363
6364
6372
6380
6382
6383
6387
6394
6401
6406
6413
6421
6428
6432
6435
6436
6439
6442
6445
6447
6452
6454
6458
6466
6467
6468
6473
6476
6477
6483
6488
6490
6491
6493
6496
6499
6508
6515
6520
6522
6531
6539
6543
6551
6553
6559
6564
6570
6575
6578
6587
6588
6594
6596
6602
6611
6620
6622
6630
6634
6639
6640
6647
6648
6657
6660
6666
6669
6676
6685
6688
6695
6704
6706
6715
6716
6721
23696
6729
6735
6744
6746
6752
6758
6762
6771
6777
6784
6785
6791
6792
6793
6795
6802
6811
6819
6821
6826
6833
6835
6837
6846
6847
6855
6859
6867
6871
6878
6880
6884
6890
6893
6894
6900
6908
6910
6912
6921
6925
6932
6935
6942
6946
6952
6953
6956
6957
6965
6971
6972
6975
6980
6982
6983
6991
6997
7004
7012
7015
13865
7023
7027
7031
7039
7048
7054
7058
7062
7063
7069
7076
7077
7083
7091
7098
7099
7102
7109
7113
7116
7121
7123
7124
7127
7134
7141
7149
7157
7163
7167
7169
7177
7185
7194
7201
7209
7214
7219
7226
7235
7242
7246
7250
7253
7259
7260
7262
7264
7272
7279
7285
7287
7288
7293
7300
7308
7315
7318
7327
7333
7337
7345
7352
7359
7361
7368
7369
7371
7379
7384
7393
7402
7404
7413
7416
7421
7424
7430
7439
7447
7453
7454
7455
7460
7461
7462
7465
7466
7475
7480
7486
7489
7491
7500
7504
7505
7507
7510
7519
7524
7525
7526
7527
7536
7539
7548
7557
7558
7562
7569
7576
7582
7583
7590
7594
7600
7609
7610
7614
7616
7621
7630
7636
7637
7641
7646
7647
7652
7653
7654
7657
7659
7662
7664
7670
7673
7675
7684
7686
7691
7699
7703
7706
7710
7714
7720
7722
7728
7729
7738
7745
7747
7752
7753
7761
7762
7770
7774
7781
7782
7788
7797
7799
7801
7806
7813
7818
7826
7829
7837
7846
7854
7862
7871
7878
7886
7894
7901
7910
7914
7922
7930
7934
7943
7944
7953
7955
7957
7961
7965
7974
7978
7987
7994
7998
8000
8009
8015
8019
8026
8033
8036
8045
8049
8054
8055
8058
8065
8069
8077
8081
8084
8085
8088
8093
8097
8105
8112
8121
8129
8130
8134
8136
8141
8144
8150
8153
6688
8156
8157
8161
8163
8167
8168
8175
8184
8188
8197
8202
8209
8216
8225
8233
8238
8245
8248
8255
8264
8271
8273
8280
8284
8289
8294
8295
8304
8307
8309
8311
8317
8324
8325
8331
8332
8341
8344
8349
8355
8357
8363
8367
8376
8378
8383
8389
8395
8400
8409
8413
8415
8416
8421
8428
8431
8437
8444
8449
8455
8463
8467
8468
8473
8474
8483
8486
8489
8497
8502
8509
8517
8522
8527
8529
8530
8536
8544
8548
8554
8558
8564
8568
8571
8573
8577
8585
8591
8597
8603
8610
8618
8627
8630
8638
8645
8650
8656
8658
8667
8671
8675
8684
8690
8692
8695
8699
8708
8712
8717
8720
8726
8734
8740
8747
8754
8763
8772
8775
8778
8781
8788
8795
8797
8805
8806
8812
8818
8820
8825
8834
8839
8847
8854
8858
8867
8871
8872
8878
8887
8893
8901
8904
8906
8913
8921
8924
8926
8934
8937
8943
8944
8948
8952
8953
8960
8967
8971
8977
8981
8984
8986
8989
8994
8999
9004
9010
9014
9015
9017
9025
9032
9038
9041
9047
9054
9056
9059
9067
9068
9070
9078
9086
9090
9097
9104
9110
9117
9121
9127
9135
9136
9144
9151
9156
9163
9164
9168
9173
9180
9181
9187
9190
9196
9203
9205
9214
9216
9225
9226
9233
9236
9237
9243
9246
9253
9255
9263
9271
9273
9277
9283
9290
9292
9296
9298
9302
9303
9307
9311
9316
9323
9331
9339
9342
9350
9359
9368
9374
9375
9380
9382
9386
9391
9393
9402
9408
9416
9420
9423
9427
9435
9439
9442
9444
9453
9455
9464
9469
9474
9478
9479
9486
9492
9499
9507
9514
9515
9521
9528
9535
9539
9546
9548
9550
9555
9556
9557
9563
9569
9575
9584
9588
9593
9599
9606
9607
9613
9621
9625
9631
9634
9638
9645
9649
9650
9658
9663
9666
9667
9672
9674
9681
9687
9688
9690
9698
9706
9707
9708
9710
9716
9718
9720
9722
9723
9728
9730
9737
9742
9748
9751
9758
9763
9767
9773
9777
9780
9788
9797
9804
9807
9811
9814
9819
9821
9823
9831
9839
4445
9842
9844
9846
9854
9863
9864
9867
9872
9879
9884
9893
9899
9903
9905
9913
9914
9920
9928
9937
9946
9949
9956
9957
9961
9968
9976
9984
9986
9994
9998
12863
9999
10004
10012
10019
10024
10030
10034
10043
10051
10058
10064
10070
10075
10076
10081
10083
10092
10094
10095
10103
10109
10117
10124
10127
10134
10143
10144
10149
10158
10167
10175
10183
10190
10192
10196
10205
10206
10210
10212
10220
10222
10225
10227
32553
10232
10235
10242
10250
10257
10261
10265
10271
10275
10282
10284
10290
10293
10300
10307
10315
10324
10332
10334
10336
10340
10343
10345
10353
10361
10367
10370
10377
10380
10384
10390
10394
10396
10401
10404
10413
10415
10418
10419
10424
10429
10438
10447
10452
10455
10458
10464
10466
10472
10478
10484
10491
10497
10498
10499
10506
10513
10515
10516
10522
10523
10526
10529
10533
10539
10546
10555
10559
10560
10566
10568
10577
10585
10586
10595
10600
10603
10607
10608
10612
10615
10618
10620
10625
10627
10630
10635
10640
10644
10653
10659
10667
10675
10681
10683
10688
10693
10696
10700
10708
10710
10711
10718
10722
10726
10729
10735
10741
10743
10745
10749
10753
10755
10758
10759
10760
10766
10770
10778
10779
10784
10785
10790
10797
10799
10806
10814
10819
10824
10832
10838
10841
10850
10857
10862
10868
10869
10874
10875
10876
10883
10888
10896
10898
10899
10904
10913
10917
10920
10928
10933
10939
10942
10949
10957
10961
10963
10965
10972
10974
10975
10980
10984
10990
10997
11002
11007
11010
11018
11024
11033
11038
11040
11049
11051
11054
11056
11057
11066
11070
11078
11082
11083
11091
11098
11107
11108
11114
11123
11131
11137
11138
11142
11149
11151
11152
11158
11165
11173
11179
11180
11183
11192
11199
11200
11206
11209
11217
11224
11227
11232
11237
11242
11248
11256
11265
11273
11276
11279
11283
11287
11296
11300
11306
11307
11313
11319
11323
11328
11334
11335
11343
11352
11355
11359
22840
11365
11367
11370
11378
11385
11389
11397
11399
11405
11412
11419
11424
11433
11435
11444
11450
11455
11461
11470
11477
11481
11488
11491
11500
11504
11507
11509
11515
11517
11519
11528
11532
11534
11539
11540
11544
11547
11553
11557
11566
11573
11581
11586
11593
11600
11607
11616
11625
11629
11630
11632
11639
11647
11652
11661
11667
11674
11683
11687
11691
11700
11701
11709
11717
11718
11722
11731
11739
11740
11741
11749
11753
11757
11759
11761
11763
17558
11772
11781
11784
11793
11797
11801
11805
11807
11811
11814
11821
11824
11828
11836
11841
11847
11849
11852
11858
11863
11865
11868
11876
11879
11882
11884
11892
11895
11903
11911
11915
11922
11930
11939
11942
11948
11952
11954
11960
11965
11968
11977
11979
11982
11991
11994
12001
12003
12006
12011
12018
12021
12026
12031
12036
12042
12050
12054
12056
12060
12068
12069
12078
12086
12095
12104
12108
12116
12124
12129
12137
12138
12145
12154
12157
12164
17075
12170
12174
12175
12181
12190
12196
12200
12205
12209
12211
12218
12221
12229
12238
12243
12251
12256
12265
12271
12272
12280
12289
12290
12293
12299
12303
12310
12318
12319
12322
12330
12335
12343
12348
12350
12352
12361
12362
12363
12368
12377
12378
12386
12388
12392
12397
12405
12413
12417
12418
12422
12423
12432
12439
12442
12450
12456
12459
12464
12465
12467
12472
12476
12479
12483
12486
12490
12491
12494
12495
12504
12506
12515
12518
12527
12530
12538
12539
12546
12550
12557
12566
12572
12573
12575
12584
12585
12588
12594
12596
12597
12598
12603
12611
12618
12624
12629
12638
12643
12652
12654
12655
12656
12657
12662
12671
12673
12680
12689
12697
12706
12714
12722
12726
12733
12734
12742
12751
12753
12758
12766
12768
12772
12775
12778
12787
12794
12802
12809
12817
12824
12829
12834
12840
12843
12844
12852
12857
12861
12868
12876
12880
12884
12893
12894
12897
12905
12906
12911
12914
12916
12925
12927
12936
12941
12950
12951
12960
12968
12975
12977
12980
12982
12985
12988
12993
13002
13007
13008
13016
13019
13023
13026
13032
13041
13049
13058
13059
13066
13075
13078
13083
13090
13092
13095
13102
13109
13113
13116
13120
13125
13127
13132
13139
13146
13153
13155
13163
13166
13173
13181
13184
13186
13192
13194
13195
13203
13212
13220
13223
13232
13238
13247
13252
13254
13257
13259
13263
13265
13269
13277
13282
23378
13284
13285
13294
13297
13303
13311
13312
13317
13321
13323
13332
13338
13341
13344
13350
13351
13359
13367
13369
13375
13383
13385
13389
13397
13399
13401
13407
13408
13410
13417
13424
13427
13436
13440
13445
13454
13462
13463
13468
13477
13486
13493
13495
13503
13512
13514
13520
13524
28351
13529
13530
13532
13539
13542
13545
13554
13563
13569
13571
13577
13586
13593
13595
13602
13603
13609
13618
13627
13631
13637
13643
13648
13650
13651
13656
13665
13666
13672
13679
13680
13688
13693
13695
13700
13704
13709
13718
13723
13732
13733
13734
13743
13745
13751
13760
13768
13776
13777
13779
13788
13796
13800
13803
13806
13813
13820
13822
13828
13832
13835
13843
13846
13848
13853
13858
13862
13868
13871
2318
13879
13880
13887
13896
13905
13911
13920
13923
13924
13929
13933
13942
13951
13959
13967
13972
13980
13981
13988
13995
14001
14003
14005
14008
14009
14012
14020
14022
14031
14039
14043
14051
14053
14062
29931
14071
14075
14080
14088
14097
14105
14108
14114
14122
14130
14135
14142
14145
14146
14154
14159
14162
14165
14174
14176
14180
14183
14190
14199
14207
14210
14217
14223
14229
1556
14238
14242
14246
14251
14253
14254
14263
14269
14270
14273
14280
14287
14292
14298
14300
14308
14315
14316
14325
14327
14336
14341
14343
14347
14348
14356
14360
14367
14371
14373
14378
14381
14390
14391
14398
14407
14416
14424
14425
14431
14432
14433
14442
14449
14451
14455
14461
14462
14464
14465
14467
14474
14481
14489
14498
14507
14509
14511
14518
3731
14519
14522
14524
14529
14538
14544
14552
14556
14559
14561
14565
14573
14574
14581
14586
14592
14601
14606
14612
14614
14618
14623
14629
14636
14637
14642
14649
14658
14659
14661
14662
14667
14675
14684
14685
14690
14697
14706
14712
14718
14726
14730
14737
14741
14744
14751
14753
14755
14762
14769
14778
14784
14793
14802
14805
14813
14817
14823
14828
14829
14837
14838
14841
14842
14849
14850
14858
14867
14872
14874
14878
14879
14888
14897
14899
14901
14903
14911
14920
14921
14927
14928
14936
14938
14943
14952
14954
14959
14964
14971
14980
14985
14987
14991
14993
14994
14997
14999
15008
15017
15020
15026
15035
15038
15047
15048
15053
15061
15063
15067
15074
15075
15081
15085
15090
15095
15099
15106
15115
15117
15125
15133
15142
15150
15156
15161
15164
15170
15179
15181
15189
15196
15203
15210
15216
15224
15232
15237
15241
15242
15245
15247
15255
15257
15260
15265
15271
15276
15281
15287
15289
15291
15295
15299
15308
15311
15318
15319
15324
15328
15331
2523
15336
15337
15345
15350
15359
15367
15371
15372
15377
15385
15391
15395
15403
15412
15415
15419
15423
15429
15432
15433
15440
15447
15448
15454
15458
15467
15476
15479
15481
15487
15494
15500
15508
15513
15516
15525
15533
15536
15542
15545
15554
15562
15566
15568
15570
15573
15581
15590
15597
15605
15614
15619
15623
15624
15629
15632
15637
15642
15648
15654
15656
15659
15664
15670
15677
15679
15681
15684
15685
15693
15695
15700
15705
15710
15711
15718
15719
15728
15737
15740
15746
15748
15754
15756
15757
15762
15771
15779
15786
15793
15799
9752
15802
15810
15816
15822
15826
15834
15839
15845
15849
15858
15862
15863
15870
15877
15882
15888
15890
15893
15895
15901
15905
15913
15922
15931
15938
15941
15942
15949
15950
15951
15959
15962
15964
15972
15978
15985
15991
15999
16000
16008
16016
16017
16025
16027
16034
16042
16047
16053
16055
16059
16068
16075
16080
16083
16091
16100
16109
16113
16115
16123
16124
16131
16139
16141
16144
16149
16153
16161
16170
16177
16185
16192
16199
16205
16208
16211
16215
16223
16232
16239
16243
16247
16253
16262
16270
16278
16280
16282
16284
16293
16299
16305
16308
16310
16311
16312
16313
16321
16326
16334
16343
16348
16356
16357
16358
16359
16363
16365
16370
16373
16376
16382
16389
16397
16405
16414
16418
16423
16429
16430
16433
15412
16437
16445
16448
16456
16460
16463
16471
16477
16483
16484
16490
16491
16498
16504
16510
16512
16518
16523
16526
16529
16535
16539
16542
16547
16550
16553
16561
16567
16569
16571
16577
16578
16587
16596
16601
16604
16607
16614
16617
16625
16631
16635
16636
16643
16647
16651
16658
16667
16671
16675
16683
16692
16700
16701
16704
16709
16717
16726
16729
16736
16745
16748
16757
16760
16768
16771
16778
16783
16786
16787
16791
16792
16796
16800
16805
16806
16807
16812
16815
16824
16831
16836
16840
16849
16851
16853
963
16855
16861
16869
16878
16887
16892
16896
16902
16908
16911
21459
16915
16921
16922
16924
16933
16936
16944
16953
16957
16960
16967
16971
16976
16978
16983
16986
16993
17001
17006
17013
17020
17022
17030
17035
17036
17045
17047
17048
17053
17056
17060
17069
17077
17080
17084
17091
17096
17105
17109
17118
17121
17126
17129
17136
17140
17143
17148
17150
17153
17161
17165
17170
17179
17180
17185
17193
17201
17209
17210
17218
17226
17228
17236
17242
17246
17255
17256
17261
17265
17269
17277
17278
17285
17287
17290
17293
17298
17304
17309
17318
17327
17330
17336
17345
17353
17361
17369
17375
17376
17377
17382
17387
17396
17402
17406
17407
17410
17413
17421
17426
17434
17442
17445
17449
17450
17452
17455
17456
17459
17460
17468
17475
17482
17485
17488
17493
17500
17502
17509
17514
17520
17523
11269
17527
17531
17536
17543
17547
17552
17553
17561
17564
17568
17576
17580
17587
17592
17600
17605
17609
17612
17620
17622
17627
17629
17637
17644
17651
17656
17660
17668
17672
17680
17684
17687
17691
17697
17698
17702
17705
17714
17719
17722
17729
17735
17742
17745
17751
17759
17766
17772
17775
17777
17781
17784
17785
17786
17793
17801
17808
17811
17817
17820
17826
17834
17840
17842
17845
17853
17859
17860
17867
17872
17873
17875
17878
17882
17883
17888
17894
17900
17907
17909
17913
17922
17929
17931
17937
17942
17945
17952
17960
17961
17964
17967
17972
17974
17981
17985
17987
17996
18003
18012
18020
18026
18032
18038
18039
18046
18055
18060
18065
18067
18076
18078
18087
18091
18094
18095
18096
18101
18108
18109
18113
18120
18121
18129
18138
18143
18152
18154
18155
18157
18166
18172
18181
18182
18185
18189
18197
18199
18208
18213
18220
18223
18224
18231
18237
18239
18246
18250
18255
18264
18269
18270
18278
18284
18291
18293
18297
18305
18308
18310
18313
18319
18321
18329
18336
18344
18348
18357
18362
18367
18376
18380
18384
18391
18399
18404
18406
18408
18411
18417
18426
18429
18435
18439
18447
18450
18454
18458
18462
18468
18469
18477
18479
18481
18484
18492
18496
18501
18504
18513
18517
18526
18531
18539
18542
18551
18554
18558
18559
18562
18563
18570
18576
18582
18590
18597
18600
18609
18614
18617
18623
18629
18638
32389
18643
18651
18659
18668
18672
18681
18689
18692
18698
18706
18709
18712
18713
18714
18719
18720
18725
18729
18730
18738
18743
18746
18748
18751
18759
18761
18768
18769
18777
18786
18790
18796
18799
18806
18815
18821
18823
18826
18834
18841
18842
18851
18857
18866
18871
18873
18876
18884
18892
18901
18906
18912
18921
18925
18934
18939
18943
18949
18955
18962
18967
18974
18976
18977
18980
18987
18992
18999
19006
19015
19017
19022
19030
19037
19040
19046
19049
19057
19062
19065
19074
19078
19085
19087
19094
19097
19103
19109
19111
19119
19120
19123
19124
19128
19129
19135
19142
19148
19151
19157
19163
13613
19170
19171
19179
19187
19195
19197
19204
19208
19214
19220
19221
19224
19233
19239
19248
19253
19255
19258
19260
19266
19274
19283
19292
19297
19298
19301
19302
19304
19309
19315
19318
19319
19323
19324
19327
19330
19339
19345
19346
19347
19356
19361
19364
19370
19372
19373
19376
19381
19385
19393
19395
19398
19407
19413
19422
27156
19423
19425
19434
19435
25716
19436
19440
19445
19452
19461
19469
29923
19475
19478
19487
19488
19493
19502
19505
19509
19514
19519
19526
19529
19535
19542
19548
19553
19559
19562
19570
19576
19583
19588
19592
19599
19601
19609
19611
19619
19628
19633
19639
19648
19649
19654
19657
19658
19667
19676
19680
19683
19692
19696
19697
19700
19709
19713
19722
19726
19731
19739
19748
19753
19756
19764
19769
19775
19782
19784
19793
19794
19798
19800
19808
19815
19817
19825
19828
19831
19838
19843
19847
19854
19857
19863
19872
19881
19889
19890
19896
19902
19906
19910
19911
19912
19917
19919
19922
19924
19928
19933
19937
19941
19942
19950
19953
19957
19965
19973
19979
19987
19991
19995
20003
20010
20013
20021
20026
20035
20044
20045
20046
20048
20057
20060
20062
20067
20071
20080
20086
20093
20102
20111
20120
20127
20131
20132
20141
17251
20143
20147
20156
20163
20168
20170
20176
20178
20184
20190
20193
20201
20205
20209
20213
20219
20221
20228
3471
20237
20241
20245
20251
20259
20261
20266
20270
20271
20277
20281
20289
20290
20294
20295
20304
20308
20316
20320
20327
20329
20337
20340
20341
20349
20350
20353
20360
20362
20364
20366
20372
20376
20382
20383
20392
22513
20393
20398
20404
20409
20418
20427
20432
20435
20441
20443
20450
20456
20464
20471
20474
20479
20487
20489
20492
20493
20497
20498
20502
20510
20514
20523
20528
20534
20537
20546
20548
20550
20555
20564
20568
20572
20578
20579
20585
20586
20594
20595
20599
20608
20615
20620
20621
20630
20636
20638
20642
20644
20647
20650
20658
20664
20666
20668
20673
20675
20679
20680
20682
20688
20692
20693
20702
20705
20706
20712
20715
20719
20721
20724
20733
20742
20746
20750
20753
20758
20765
20767
20775
20778
20779
20785
20790
20798
20806
20811
20817
20824
20826
20834
20838
20847
20848
20857
20858
20867
20875
20876
20877
20878
20880
20885
20887
20894
20896
20899
20903
20909
20914
20923
20932
20940
20941
20949
20953
20962
20964
20966
20972
20981
20982
20987
20996
21003
21006
21007
21014
21020
21024
21025
21034
21042
21045
21046
21054
25785
21058
21060
21063
21071
21078
21081
21090
21097
21100
21106
21114
8868
21121
21128
21132
21141
21149
21156
21159
21168
21175
21181
21187
21194
21199
21201
21203
21208
21209
21211
21215
21221
21223
21226
21230
21238
21245
21248
21254
21259
21265
21274
21277
21281
21289
21295
21299
21301
21309
21317
21325
21330
21332
21338
21345
21353
21361
21367
21373
21374
21382
21386
21393
21401
21405
21411
21419
21425
21426
21428
21431
21439
21442
21450
21452
21457
21462
21468
21470
21475
21476
21477
21478
21482
21484
21485
21494
21502
21509
21513
21518
21525
21533
21541
21546
21554
21559
21562
21563
21569
21571
21572
21575
21577
21579
21584
21588
21590
21593
21598
21600
21607
21616
21617
21623
21624
21627
21634
21643
21652
21656
21664
21669
21678
21685
21694
21696
21697
21706
21710
21713
21721
21728
21735
21743
21750
21756
21765
21774
21775
21784
21793
21797
21804
21805
21807
21809
21813
21816
21819
21827
21828
21834
21840
21844
21845
21847
21856
21862
21869
21875
21884
21888
21897
21906
21911
21913
21920
21924
21932
21940
21949
21950
21958
21966
21973
21981
21982
21985
21987
21994
11280
21995
22003
22011
22015
22024
22025
22029
22033
22037
22046
22048
22053
22054
22056
22061
22067
22073
22080
7822
22081
22085
22087
22090
22092
22097
22104
22110
22113
22118
22123
22129
22130
22139
22144
22146
22150
22157
22159
22163
22165
22166
22173
22175
22178
22183
22190
22196
22198
22203
22206
22212
22213
22218
22221
22229
22236
22241
22242
22250
22255
22263
22266
22273
22277
22279
22285
22287
22292
22296
22305
22307
22316
22322
22324
22331
22332
22340
22349
22357
22364
22369
22371
22374
22376
22383
22392
22393
22400
22402
22409
22412
22416
22418
22422
22427
22436
22442
22444
22453
22460
22467
22473
22482
22486
22493
22495
22497
22503
22507
22509
22510
22515
22517
22523
22532
22538
22541
22549
22558
22560
22564
22567
22574
22580
22589
22597
22599
22602
22608
22616
22625
22627
22634
22641
22650
22654
22657
22662
22665
22667
22673
22680
22689
22690
22691
22694
22702
22706
22711
22717
22721
22729
22734
22742
22746
22754
22757
22761
22762
22767
22775
30921
22780
22786
22792
22793
22800
22807
22813
22820
22829
22832
22835
22841
22844
22847
22848
22854
22857
22858
22864
22865
22866
22872
22879
7577
22885
22887
22888
22893
22894
22898
22899
22902
22911
22912
22915
22922
22929
22931
22934
22939
22941
22949
22957
22959
22965
22972
22980
22989
22993
22998
23000
23006
23013
23015
23019
23023
9491
23027
23036
23037
23042
23051
23056
23060
23068
23070
23077
23085
23091
23098
23100
23108
23117
23121
23123
23132
23139
23148
23156
23157
23159
23168
23175
23179
23187
23189
23196
23198
23203
23204
23212
23217
23219
23224
23231
23236
23241
23245
23248
23256
23258
23259
23262
23270
23271
23273
23276
23283
23292
23296
23305
23309
23316
23321
23323
23330
23337
23338
23346
23349
23353
23354
23355
23360
23365
23368
23375
23378
23380
23384
23392
23397
23405
23407
23408
23416
23420
23421
23424
23433
23438
23447
23456
23458
23466
23468
23473
23478
23485
23489
23492
3054
23499
23500
23504
23512
23514
23519
23526
23531
23538
23543
23550
23557
23566
23568
23572
23573
23577
23580
23585
23592
23594
23598
23602
23611
23620
1490
23625
23627
23631
23632
23635
23642
23651
5140
23655
23659
23661
23665
23670
23674
23683
23684
23689
23696
23703
23704
23705
23713
23720
23729
23730
23738
23742
23745
23751
23752
23759
23768
23769
23777
23786
23790
23799
23804
23811
23818
23819
23823
23828
23836
23845
23848
23852
23858
23864
23868
23871
23879
23886
23887
23889
23898
23902
23905
23912
23919
23928
23931
23934
23939
23945
23947
23949
23958
23959
23968
23977
23978
23979
23984
23987
23996
23998
24006
24007
24009
24017
24022
24027
24035
24041
24046
24053
24062
24067
24072
24080
24088
24090
24093
24098
24101
24108
24110
24113
24116
24123
24129
24131
24138
24141
24144
24148
24157
24158
24162
24167
24172
24177
24181
24189
24194
24203
24212
24218
24223
24231
24236
24238
24246
24247
24249
24253
24260
24265
24269
24276
24279
24284
24289
12229
24296
24298
24303
24307
24316
24319
24323
24328
24337
24344
24348
24354
24355
24363
24367
24376
24382
24388
24397
24404
24413
24416
24423
24426
24432
24434
24443
24448
24450
24451
24454
24463
24466
24474
24479
6034
24486
24492
24501
24506
24513
24515
24516
24517
24524
24533
24540
24545
24552
24554
24556
24559
24564
24571
24575
24579
24588
24589
24598
24601
24604
24612
24617
24618
24620
24624
24630
24635
24644
24652
24659
24664
24669
24677
24685
24690
24695
24701
24706
24711
24720
24722
24728
24730
24738
24747
24755
24756
24758
24762
24764
24773
24776
24780
24781
24784
24787
24796
24805
24811
24820
24824
24829
24834
24843
24847
24850
24856
24857
24860
24867
24870
24875
24877
24879
24886
24893
24902
24911
24917
24920
24928
24935
24937
24942
24947
24953
24955
24957
24960
24961
24966
24974
24978
24982
24986
24991
24999
25004
25012
25014
25016
25018
25026
25031
25032
25035
25042
25050
25052
25061
25064
25069
25078
25087
25092
25094
25101
25102
25106
25107
25111
25114
25116
25121
25128
25136
25145
25151
25155
25160
25165
25167
25168
25176
25185
25187
25191
25195
25198
25206
25210
25213
25222
25225
25229
25231
25234
25241
25247
25250
25256
25258
25267
25274
25283
25292
25301
25305
25314
25321
25324
26119
25327
25328
25335
25339
25342
25346
25355
25357
25364
25369
25373
25380
25387
25388
25391
25395
25396
25402
25407
25414
25423
25432
25436
25440
25445
25452
25457
25464
25469
25474
25482
25483
25487
25491
25500
25509
25515
25518
25521
25530
25535
25540
781
25549
25552
25554
25562
25565
25574
25578
25579
25584
25591
25598
25600
25606
25607
25616
25617
25626
25630
25635
25642
25649
25656
25658
25665
25674
25679
25683
25690
25691
25692
25700
25703
25704
25710
25712
25719
25725
25732
25735
25740
25747
25755
25756
25760
25768
25773
25780
25783
25788
25792
25799
25808
25815
25819
25823
25828
25837
25846
25847
25852
25854
25857
25864
25865
25874
25878
25880
25881
25889
25897
25903
25906
25912
25921
25922
25924
25931
25937
25939
25945
25946
25952
25953
25962
25969
25975
25977
25981
25983
25992
25996
25997
26006
26011
26018
26027
26035
26036
26045
26052
26055
26060
26068
26070
26071
26077
26078
26083
26091
26098
26104
26105
26113
26115
26117
26119
26122
26124
26129
26137
26142
26149
26158
26164
26172
26173
26174
26181
26189
26194
26199
26207
26210
26219
26224
26230
26232
26239
26240
26243
26248
26255
26263
26270
26274
26282
26289
26292
26293
26296
26297
26303
26305
26312
26313
26317
26319
26326
26327
26332
26341
26346
26354
26359
26368
26376
26385
26393
26398
26406
26412
26415
26420
26428
26432
26439
26446
26452
26458
26461
26468
26475
26482
26486
26495
26503
26508
26511
26516
26525
26531
26540
26546
27725
26553
26554
26557
26561
26562
26563
26567
26576
26583
26585
26588
26593
26601
26608
26613
26618
26620
26628
26633
26638
26643
26650
26656
26665
26670
26672
26680
26689
26697
26705
26713
26720
26725
26729
26731
26732
26740
26748
26750
26757
26758
26764
26773
26779
26784
26789
26794
26796
26800
26809
26813
26816
26819
26823
26825
26830
26831
26838
26844
26851
26856
26861
26862
26869
26873
26881
26889
26890
26896
26901
26904
26905
26907
26914
26918
26919
26923
26931
26939
26942
26949
26950
26952
26961
26970
26977
26982
26991
26993
26998
27007
27010
27018
27026
27033
27041
27045
27048
27050
27059
27066
27073
27080
27082
27090
27095
27097
27100
27104
27108
27117
27124
27126
27127
27129
27133
27138
27143
27144
27146
27153
27159
27162
27169
27172
27174
27180
27181
27190
27194
27199
27201
27206
27213
27218
27225
27231
27232
27241
27243
27249
27252
27254
27262
27268
27276
27283
27285
27294
27300
27305
27311
27313
27314
27317
27322
27328
27330
27334
27340
27341
27343
27345
27347
27348
27355
27363
27364
27372
27378
27383
27387
27392
27396
27405
27412
27417
27425
27428
27434
27442
27450
27455
27458
27464
27466
27469
27472
27481
27489
27498
27503
27509
27512
27520
27527
27536
27537
27538
27539
27540
27548
27550
27559
27562
27564
27568
27577
27581
27588
27594
27601
27605
27607
27608
27615
27618
27624
27631
27636
27645
27650
27651
27657
27663
27671
27674
27676
27679
27685
27692
27700
27704
27708
27712
27717
27726
27730
27732
27737
27741
27746
27755
27759
27763
27772
27780
27788
27797
27805
27807
27810
27812
27818
27819
27822
27826
27828
27833
27842
27848
27852
27855
27858
27863
27870
27876
27882
27884
27887
27890
27895
27903
27907
27915
27922
27924
27925
27934
27935
27938
27945
27950
27954
27961
27962
27965
27973
27975
27981
27982
27988
27996
28002
28007
28010
28019
28020
28028
28030
28034
28039
28043
28051
28055
28059
28065
28070
28072
28073
28075
28078
28080
28087
28096
28100
28102
28104
28105
28110
28111
28116
28119
22046
28127
28133
28139
28146
28154
28160
28164
28172
28173
28175
28180
28186
28189
28196
28201
28205
28214
28222
28225
28229
28232
28241
28242
28245
28253
28258
28263
28265
28270
28274
28278
28282
28289
28296
28305
28314
28320
28329
28333
28339
28345
28350
28359
28368
28376
28382
28387
28388
28392
28393
28398
28399
28402
28409
28418
28420
28423
28432
28434
28440
28449
28451
28458
28467
28476
28478
28480
28481
28488
28490
28499
28507
28510
28518
28519
28521
28525
28533
28538
28539
28547
28553
28555
28559
28566
28571
28577
28583
28585
28589
1851
28591
28592
28600
28602
28603
28605
28607
28612
28613
28617
28622
28627
28633
28636
28641
28645
28651
28658
28661
28663
28668
28669
28674
28678
28684
28690
28699
28702
28710
28717
28721
28727
28733
28738
28744
28745
28749
28757
28760
28763
28770
28778
28783
28786
28791
28794
28795
28803
28806
28812
28821
28826
28835
28839
28846
28853
28860
28866
28873
28874
28879
28885
28887
28889
28892
28900
28909
28912
28916
28919
28925
28931
28937
28943
28950
28959
28965
28974
28981
28989
28991
29000
21188
29003
29009
29013
29021
29023
29029
29034
14490
29042
29048
29052
29054
29063
29066
29070
29079
29087
29095
29098
29101
29102
29105
29111
29120
29127
29129
29131
29135
29144
29147
29156
29163
29169
29177
29186
29191
29194
29201
29209
29216
29218
29221
29228
29230
29236
29245
29254
29261
29265
29268
29276
29282
29287
29291
29297
29298
29307
29316
29319
29322
29324
29333
29341
29348
29355
29356
29362
29366
29373
29377
29385
29392
29397
29405
29409
29410
29415
29420
29424
29427
29432
29435
29438
29441
29443
29449
29457
29462
29467
29470
29479
29480
29487
29489
29495
29496
29502
29510
29515
29518
29525
29528
29535
29541
29546
29554
29557
29566
29575
29583
29585
29590
29594
29602
29605
29608
29614
29622
29624
29625
29630
29633
29640
29646
29653
29659
29667
29672
29678
29680
29687
29689
29698
29705
29707
29711
29712
29718
29722
29725
29730
29738
29740
29741
29743
29750
29752
29754
29761
29767
29769
29771
29779
29788
29790
29798
29803
29811
29820
29829
29833
29840
29849
29856
29859
29864
29873
29882
29889
29895
29903
29911
29919
29928
29933
29937
29945
29954
29956
29964
29971
29976
29981
29989
29991
29995
29996
30001
30010
30011
30018
30027
30031
30037
30044
30046
30055
30064
30072
30075
30082
30091
30094
30101
30107
30113
30117
30125
30132
30133
30136
30145
30146
30148
30154
30158
30165
30170
30171
30178
30184
30190
30199
30200
30204
30213
30219
30227
30229
30237
30245
30251
30254
30258
30263
30270
30275
30280
30283
30284
30290
30298
30303
30308
30311
30320
30328
30337
30346
30350
30358
30365
30374
30375
30381
30390
30394
30398
30404
30409
30413
30417
30424
30427
30436
30445
30447
30454
30460
30464
30467
30475
30484
30493
30494
30497
30506
30508
30516
30525
30532
30534
30538
30545
30548
30553
30557
30565
30567
30572
30579
30588
30589
30591
30592
30593
30600
30604
30605
30613
30622
30624
30626
30634
30638
30644
30646
30652
30655
30661
30667
30675
30680
30684
30686
30691
30695
30704
30710
30714
30715
30716
30722
30726
30733
30741
30748
30749
30751
30752
30753
30756
30761
30768
30769
30774
30781
30784
30792
30801
30810
30813
30819
30826
30832
30835
30840
30846
30853
30854
30861
30869
30872
30877
30881
30885
30891
30900
30907
30915
30922
30927
30931
30938
30942
30951
30952
30954
30960
30964
30967
30969
30975
30977
30978
30985
30992
30996
8458
31005
31012
31021
31025
31028
31034
31042
31051
31057
31060
31065
31074
31080
31089
31091
31092
31093
31101
31103
31108
31111
31116
31120
31123
31129
31132
31140
31141
31150
31153
31157
31161
31169
31172
31178
31183
31186
31187
31191
31193
31196
31198
31199
31203
31207
31213
31219
31222
31229
31234
31242
31246
31247
31256
31264
31265
31269
31271
31279
31281
31287
31289
31292
31300
31303
31308
31312
31316
31319
31321
31327
31331
31338
31344
31345
31346
31354
31363
31364
31370
31376
31383
31384
31390
31398
31403
31406
31413
31415
31423
31431
31435
31437
31438
31442
31445
31446
31447
31453
31461
31469
31476
31485
31493
31495
31498
31503
31505
31512
31517
31520
31522
31523
31525
31529
31537
31543
31552
31558
31565
31569
31570
31573
31579
31588
31590
31595
31601
31607
31609
31618
31624
31633
31636
31640
31647
31652
31659
31667
31671
31679
31688
31690
31696
31699
31705
31708
31712
31713
31714
31716
31720
24607
31724
31726
31728
31732
31734
31740
31749
31757
31766
31767
31776
31785
31792
31798
31805
31809
31810
31815
31820
31821
31825
31831
31835
31843
31845
31853
31854
31862
31864
31867
31869
31871
31878
31882
31883
31887
31889
31890
31892
31893
31897
31905
31908
31914
31919
31923
31932
31938
31944
31946
31955
31958
31963
31970
31977
31978
31979
31980
31983
31987
31992
32001
32004
32007
32016
32018
32019
32026
32034
32040
32041
32044
32047
32052
32056
32065
32072
32076
32084
32090
32094
32099
32107
32110
32119
32120
32128
32129
32138
32143
32152
32160
32168
32175
32179
32187
32192
32194
32198
32200
32203
32206
32215
32221
32224
32231
32233
32242
32245
32253
32255
32256
32264
32266
32274
32277
32286
32287
32292
32298
32302
32304
32306
32311
32315
32324
32331
32340
32342
32351
32355
32362
32371
32372
32375
32376
32378
32383
32384
32391
32395
32403
32410
32412
32418
32421
32429
32438
32440
32444
32447
32452
32454
32458
32465
32469
32471
32477
32478
32480
32482
32490
32496
32505
32509
32510
32511
32514
32522
32530
32534
32540
32548
32556
32557
32565
32574
32579
32588
32594
32596
32598
32606
32613
32621
32626
32635
32644
32646
32649
32654
32658
32665
32669
32672
32676
32678
32683
32688
32694
32697
32698
32700
32706
32714
32722
32727
32735
32741
32748
32757
32766
32771
32774
32779
32782
32783
32788
32797
32800
32809
26589
32811
32818
32825
32829
32834
32843
32851
32857
32864
32871
32880
32888
32897
32899
32906
32913
32915
32922
32925
32927
32928
32934
32937
32941
32948
32955
32961
32963
32967
32976
32981
32989
32990
32997
32998
33000
33006
33007
33013
33019
33025
33034
33043
33048
33052
33056
33059
33064
33067
33075
33084
33092
33096
33099
33105
33111
33114
33118
33123
33127
33128
33129
33137
33145
33149
33151
33153
33158
33161
33166
33173
33176
33182
33183
33187
33194
33202
33207
33213
33216
33219
33220
33227
33231
33235
33240
33243
33248
33256
33257
33261
33264
33271
33275
33279
33286
33295
33299
33304
33305
33308
33311
33313
33321
33329
33336
33342
33343
33347
33354
33356
33359
33366
33373
33375
33378
33384
33391
33399
33402
33411
33412
33415
33417
33425
33434
33437
33440
33445
33451
33455
33460
33465
33466
33474
33480
33489
33493
33501
33510
33514
33515
33524
33527
33533
33540
33541
33546
33550
33559
33562
33570
33575
33581
33587
33589
33595
33603
33605
33610
33618
33625
33626
33634
33638
33639
33646
33651
33660
33669
33678
33685
7998
6362
33690
33697
33700
33701
33706
33714
33717
33725
33728
33730
33732
33741
33749
33758
33763
33767
33775
31244
33781
33790
33799
33808
33811
33815
33823
33824
33827
33832
33835
33839
33843
33851
33859
33863
33866
33872
33878
33881
33883
33884
33887
33888
33896
33905
33907
33915
33921
33922
33928
33933
33940
33942
33943
33952
33958
33964
33965
33969
33971
33975
33976
33978
33983
33988
33993
33997
34006
34012
34016
34018
34023
34029
34030
34038
34040
34042
34043
34048
34052
34061
34069
34078
34083
34088
34094
34102
34111
34114
34116
34125
34127
34131
34138
34142
34148
34156
34159
34167
34171
34180
34188
34191
34192
34198
34203
34206
34208
34211
34216
34222
34226
34233
34239
34241
34245
34251
34252
34255
34261
34268
34269
34272
34274
34280
34288
34291
34296
34299
34304
34313
34320
34327
34328
34334
34339
34345
34348
34355
34357
34359
34368
34372
34373
34376
34385
34386
34390
34394
34398
34402
34408
34412
34416
34419
34424
34429
34437
34438
34443
34451
34455
34458
34461
34469
34475
34480
34484
34487
34493
34502
34505
34511
34519
34520
34522
34529
34533
34539
34548
34553
34554
34556
34560
34568
34576
34582
34589
34593
34597
34598
34607
34614
34620
34621
34627
34631
34638
34639
34647
34649
34655
34657
34664
34671
34677
34680
34681
34687
34695
34703
34708
34717
34720
34725
34726
34733
34742
34745
34746
34752
34755
34763
34764
34771
34774
34776
34778
34784
34785
34789
34795
34802
34809
34814
34818
34819
34825
34832
34835
34838
34847
34856
34863
34864
34873
34881
34882
34884
34887
34894
34902
34907
34916
34918
34919
34924
34929
34935
34937
34939
34947
34952
34961
34965
34972
34973
34977
34983
34985
34994
34999
35000
35008
35015
35022
35023
35028
35031
35034
35037
35041
35049
35056
35062
35066
35067
35070
35073
35076
35083
35092
35096
35100
35106
35114
35118
35122
35129
35138
35141
35145
35151
35158
35166
35169
35171
35173
35180
35184
35193
35198
35207
35210
35216
35221
35226
35235
35240
35247
35255
35257
35258
35262
35268
35273
35276
35283
35286
35292
35299
26493
35304
35308
35317
35324
35330
35339
35346
35353
35359
35361
35368
35377
35385
35394
35400
35406
35411
35412
35419
35427
35436
35445
35451
35458
35461
35463
35468
35470
35478
35487
35490
35493
35499
35506
35507
35513
17052
35516
35523
35526
35529
35532
35534
35539
35548
35549
35550
35551
35554
35559
35562
35567
35575
35577
20795
35578
35581
35586
35588
35597
35605
35613
35620
35628
35629
35634
35636
35638
35640
35647
35654
35662
35668
35677
35684
35693
35697
35701
35709
35711
35713
35714
35717
35724
35732
35736
35738
35739
35741
35745
35754
35759
35760
35766
35774
35777
35781
35786
35787
35795
35797
35799
35805
35806
35814
35823
35830
35831
35835
35844
35849
35852
35854
35858
35865
35874
35878
35884
35886
35892
35900
35909
35917
35923
35931
35934
35938
35942
35950
35959
35960
35961
35964
35968
35976
35984
35993
36002
36010
36016
36019
36025
36034
36041
36043
36050
36055
36061
36063
36065
36072
36075
36082
36091
36098
36103
36111
36115
36117
36123
36132
36133
36141
36146
36152
36155
36163
36172
36176
36177
36185
36191
36192
36201
36210
36214
36221
36229
36234
36237
36238
36239
36245
36249
36257
36259
36261
36268
36273
36274
36275
36283
36287
36296
36302
36309
36317
36320
36328
36331
36334
36341
36346
36351
36358
36361
36364
36367
36370
36375
36377
36385
36387
36394
36398
36400
36405
36408
36413
36417
36425
36430
36432
36437
36440
36449
36450
36458
36464
36469
36476
36485
36491
36498
36505
36506
36514
36516
36517
36522
36531
36538
36547
36555
36563
36570
36576
36578
36579
36583
36592
36601
36608
36609
36618
36624
36630
36635
36640
36643
36651
36659
36666
36672
36681
36684
36692
36700
36706
36715
36724
36731
36737
36742
36749
36757
36765
36770
36775
36777
36786
36791
36799
36800
36809
36813
36817
36823
36824
36828
36837
36844
36853
36854
36856
36861
36863
36869
36874
36879
36882
36885
36888
36893
36898
36905
36913
36915
36923
36925
36934
36940
36942
36945
36949
36958
36966
36969
36977
36985
36988
36997
36998
37004
37011
37019
37023
37024
37032
37033
37037
37042
37047
37050
37056
37059
37068
37077
37084
37086
37090
37098
37103
37110
37117
37125
37134
37140
37146
37147
37154
37159
37161
17016
37162
37164
37172
37174
37183
37185
37188
37197
37204
37213
37215
37224
37231
37234
37235
37244
37246
37249
37253
37260
37261
37270
37274
37280
37286
37289
37298
37299
37303
37305
37311
37317
37323
37329
37336
37339
37345
37351
37353
37355
37360
37367
37373
37377
37383
37388
37395
37400
37405
37412
37419
37420
37422
37427
37430
37439
37443
37448
37457
37466
37471
37478
37480
37486
37488
37491
37498
37505
37511
37516
37523
37528
37531
37539
37540
37546
37549
37555
37560
37561
37567
37573
37578
37587
37590
37596
37602
37611
37618
37621
37624
37632
37641
37643
37644
37649
37655
37664
37665
37667
37673
37678
37683
37687
37690
37692
37699
37701
37703
37712
37721
37729
37737
37739
37746
37747
37756
37762
37768
37770
37776
37782
37783
37784
37792
37800
37804
37813
37820
37821
37829
37838
37842
37849
37857
37866
37867
37876
37879
37880
37881
37885
37888
37894
37902
37910
37918
37922
37928
37937
37944
37949
37954
37957
37964
37969
37972
37977
37981
17170
37986
37991
37992
37995
37999
38006
38014
38016
38017
38026
38030
38035
38041
38048
38052
38056
38062
38066
38070
38071
38080
38089
38093
38095
38099
38105
38112
38121
38130
38139
38141
38143
38150
38152
38156
38161
38166
38175
38180
38182
38186
38190
38197
38206
38209
38210
38213
38222
38230
38233
38237
38245
38246
38248
38252
38258
38263
38264
38271
38277
38286
38288
38292
38293
38300
38306
38311
38312
38318
38320
38329
38332
38337
38342
38345
38351
38359
38365
38367
38371
38377
38386
38387
38391
38400
38401
38408
38412
38417
38418
38422
38426
38428
38435
38439
38444
38449
38451
38460
38468
38475
38480
38481
38482
38484
38492
38495
38500
38505
38507
38515
38522
38528
38534
38543
38545
38546
38547
38554
38557
38560
38563
38565
38568
38569
38577
38584
38588
38590
38597
38600
38602
38605
38613
38618
38619
38623
38630
38639
38644
38650
38657
38660
38667
38672
38679
38687
38696
38703
38706
38713
38720
38723
38726
38734
38737
38743
38746
38752
38757
38766
38771
38775
38777
38782
38791
38794
38797
38802
38810
38815
38822
38827
38836
38837
38844
38852
38859
38867
38871
38873
38874
38877
38880
38881
38888
38893
38895
38896
38899
38903
38911
38913
38918
38923
38926
38933
38934
38941
38944
38945
38951
38958
38964
38968
38974
38977
38981
38982
38990
38995
39002
39011
39016
39024
39033
39039
39046
39048
39057
39061
39064
39070
39072
39076
39077
39083
39087
39093
39102
39109
39114
39123
39132
39140
39141
39147
39155
39159
39163
39165
39167
39172
39181
39189
39192
39197
39201
39210
39216
39225
39227
39232
39237
39240
39247
39251
39258
39259
39265
39271
39277
39283
39285
39294
39301
39308
39317
39319
39326
39329
39338
39345
39351
39352
39361
39364
39373
39381
39382
39390
39392
39398
39406
39407
39412
39413
39416
39423
39425
39433
39434
39436
39443
39446
39449
39458
39460
39466
39475
39476
39482
39485
39489
30382
39492
39497
39499
39507
39514
39517
39522
39524
39531
39537
39546
39548
39550
39551
39553
39555
39563
39566
39573
39579
39586
39590
39593
39599
39606
39609
39612
39618
39621
39628
39630
39632
39637
39645
39649
39658
39661
39668
39673
39676
39683
39688
39692
39696
39698
39700
39707
39712
39716
39725
39726
39728
39729
39731
39738
39742
39751
21591
39760
39769
39777
39786
39794
20769
39802
39805
39810
39813
39814
39819
39823
39827
39836
39843
39846
39851
39859
39863
39864
39872
39876
39880
39888
39892
39894
39898
39903
39908
39911
39918
39924
39928
39932
39938
39943
39948
39951
39953
39955
39956
39965
39967
39970
39975
39980
39983
39984
39988
39992
39997
40000
40005
40013
40015
40017
40026
40035
40036
40042
40045
40047
40053
40054
40062
40070
40079
40088
40094
40097
40104
40108
40112
40120
40129
40133
40140
40147
40149
40158
40167
40174
40176
40181
40186
40191
40197
40202
40204
40209
40212
40221
40227
40234
40235
30444
40242
40243
40244
40249
40255
40257
40264
40266
40269
40272
40277
40282
40287
40293
40296
40299
40308
40312
40321
40327
40331
40340
40341
40347
40354
40356
40358
40361
40364
40371
40375
40381
40388
40396
40403
40404
40405
40412
40415
40422
40430
40437
40445
40446
40447
40448
40449
40451
40460
40469
40473
40482
40488
40492
40494
40497
40505
40506
40514
40522
40530
40531
40539
40543
40546
40553
40559
40566
40574
40577
40581
40587
40595
40598
40602
40609
40613
40616
40621
40630
40638
40645
40646
40651
40659
40666
40672
40678
40682
40684
40688
40689
40691
40700
40705
40706
40712
40717
40722
40725
40732
40734
40737
40743
40744
40750
40752
40754
40761
40765
40767
40769
40777
40783
40787
40791
40794
40802
40807
40816
40824
40832
40840
40848
40851
40857
40859
40867
40871
40876
40880
40882
40886
40887
40890
40891
40896
40901
40910
40919
40926
40929
40931
40937
40941
40946
40948
40950
40957
40960
40965
40971
40973
40977
40979
40986
40992
40994
41003
41006
41007
41010
41014
41023
41028
41029
41030
41039
41044
41053
41056
41058
41064
41065
41070
41078
41081
41085
41092
41098
41107
41116
41119
41128
41130
41138
41144
41145
41150
41152
41160
41168
41173
41180
41187
41196
41200
41208
41211
41217
41219
41220
41223
41231
41234
41241
41244
41253
41255
41263
41270
41272
29457
41275
41279
41282
41290
41297
41306
41310
41319
41321
41329
41338
41347
41352
41360
41365
41367
41369
41378
41384
41390
41397
41406
41411
41414
41416
41421
41428
41431
41437
41444
41448
41451
41455
41457
41464
41465
41468
41471
41477
41478
41480
41483
41484
41492
41496
41503
41509
41511
41519
41523
41529
41535
41542
41545
41549
41558
41565
41574
41576
41583
41586
41588
41591
41599
41601
41602
41604
41608
41611
41612
41613
41614
41621
41630
41637
41640
41642
41648
41652
41659
41663
41669
41677
41684
41690
41695
41701
41702
41711
41720
41723
41731
41740
41749
41750
41759
41768
41769
41774
41777
41786
41792
41794
41801
41803
41804
41812
41814
41817
41826
41830
41831
41834
41837
41838
41840
41842
41847
41856
41863
41869
41872
41880
41882
41883
41892
41900
41907
41914
41923
41932
41936
41940
41945
41949
41955
41964
41969
41978
41980
41982
41984
41990
41999
42005
42006
42007
42016
42022
42027
42031
42034
42037
42046
42048
42051
42059
42062
42063
42069
42077
42081
42090
42094
42100
42105
42114
21734
42117
42122
42124
42129
42132
42136
42142
42148
42151
42153
42160
42166
42175
42176
42178
42187
42195
42203
42212
42217
42224
42232
42236
42242
42247
42250
42253
42258
42263
42267
42268
42272
42278
42281
42288
42296
42303
42311
42320
42323
42325
42328
42330
42333
42342
42349
42351
42359
42363
42368
42376
42384
42389
42395
42396
42400
42409
42416
42420
42421
42429
42430
42436
42437
42441
42443
42447
42453
42456
42457
42466
42469
42478
42483
42490
42498
42506
42510
42519
42521
42523
42524
42528
42530
42538
42541
42547
42555
42562
42571
42580
9649
42581
42582
42591
42597
42601
42607
42612
42616
42623
42626
42633
42634
42639
42644
42651
42658
42665
42666
42670
42679
42685
42688
42689
42693
42697
42699
42703
42709
42718
42726
42727
42732
42740
42748
42752
42753
42757
42761
42766
42772
42780
42789
42798
42799
42803
42811
953
42820
42821
42824
42827
42834
42837
42840
42847
42851
42852
42859
42865
42867
42868
42871
42880
42881
42890
42899
42905
42909
42917
42923
42924
42931
42932
42936
42941
42950
42956
42965
42966
42967
42975
42983
42991
42993
42998
43005
43008
43014
43017
43019
43026
43027
43035
43042
43050
43054
43062
43069
43070
43072
43081
43082
43089
43096
43099
43102
43107
43114
43123
43128
43136
43145
43154
43161
43162
43163
43170
43175
43179
43180
43186
43187
43196
43198
43199
43206
43211
43214
43222
43224
43233
43236
43243
43244
10703
43250
43256
43257
43266
43270
43276
43278
43283
43286
43289
43292
43295
43302
43307
43316
43322
43325
43334
43338
43345
43354
43361
43366
43374
43383
43384
43385
43389
43397
43400
43408
43410
43416
43421
43429
43438
43440
43445
43449
43456
43465
43473
43474
43477
43486
43495
43496
43505
43511
43517
43525
43534
43536
43544
43546
43555
43559
43568
43575
43582
43590
43594
43601
43603
43612
43621
43625
43629
43633
43635
43639
43648
43653
43654
43662
43669
43671
43674
43682
43683
43691
43697
43701
43708
43714
43722
43723
43729
43737
43739
43743
43746
43754
43758
43760
43762
43769
43777
43781
43787
43794
43799
8331
43800
43806
43810
43812
43820
43826
43827
43832
43834
43835
43839
43845
43850
43852
43856
43863
43864
43870
43879
43880
43885
43892
43897
43898
43905
43907
43915
43918
43926
43930
43938
43947
43956
43960
43964
43965
43969
43976
43979
43984
43987
43989
43998
44005
44014
44022
44024
29266
44030
44031
44040
44047
44054
44063
44070
44078
44082
44084
44088
44093
44102
44108
44116
44125
44129
6132
44137
44140
44141
44147
44149
44156
44163
44164
25798
44172
44180
44184
44189
44191
44198
44206
44211
44213
44221
44225
44229
44237
44244
44251
44253
44257
44265
44274
44283
44286
44294
44303
44306
44311
44317
44321
44324
44332
44340
44346
44355
44359
44368
44372
44376
44382
44389
44394
44396
44399
44407
44409
44416
44419
44425
44432
44438
44447
44449
44451
44456
44461
44462
44467
44469
44474
44479
44481
44487
44489
44494
44496
44504
44508
44514
44517
44525
44528
44529
44533
44542
44547
44548
44557
44558
44559
44562
44570
44572
44579
44586
44590
44598
44600
44601
44607
44608
44616
44619
44626
44632
44636
44641
44648
44657
44659
44668
44677
44680
44682
44690
44695
44698
44700
44708
44710
44716
44723
44729
44731
44733
44742
44747
44754
44763
44769
44778
44779
44784
44793
44795
44803
44809
44813
44817
44822
44824
44832
44840
44845
44846
44854
44861
44866
44872
44876
44877
44884
44886
44887
44894
44899
44903
44911
44916
44917
44919
44923
44930
44931
44933
44936
44942
44947
44948
44954
44963
44971
44979
44984
44988
44993
44996
45004
45011
45020
45026
45034
45042
45049
45050
45055
45061
45065
45068
45072
45079
45087
45095
45103
45108
45111
45118
45122
45127
45135
45139
45141
45143
45150
45153
45154
45160
45164
45171
45175
45177
45180
45185
45191
45193
45202
45207
45208
45217
45220
45221
45230
45236
45244
45249
45257
45260
45269
45270
45277
45279
45282
45284
45288
45297
45304
45310
45316
45322
45325
45326
45335
45337
45343
45346
45355
45357
45363
45364
45373
45381
45389
45391
45394
45400
45408
45416
45419
45428
45434
45435
45440
45443
45452
45458
45463
45468
45470
45479
45488
45494
45499
45501
45504
45511
45520
45528
45535
45541
45545
45549
45553
45557
45560
45564
45568
45574
45575
45582
45585
45589
45594
45598
45602
45606
45610
45614
45617
45624
45626
45629
45638
45642
45643
45644
45651
45657
45658
45665
45673
45675
45678
45685
45690
45694
45699
45702
45705
45710
16478
45719
45726
45733
45736
45742
45751
45757
45758
45763
45771
45778
45781
45789
45791
45792
45797
45801
45802
45809
45817
45826
45834
45836
45837
45846
45847
45851
45856
45862
45863
45872
45875
45879
45882
45887
45891
45892
45897
45900
45907
45914
45920
45923
45924
45930
45938
45947
45950
45957
45963
45967
45975
45981
45985
45988
45993
45994
46001
46008
46010
46019
46025
46027
46034
46040
46043
46051
46056
46058
46059
46060
46069
46073
46082
46091
46094
46102
46106
46109
46110
46116
46124
46131
46135
46140
46144
46152
46160
46167
46175
46184
46192
46193
46199
46202
46207
46208
46209
46217
46221
46224
46230
46239
46244
46250
46258
46262
46265
46271
46274
46278
46287
46295
46296
46301
46310
46317
46322
46329
46337
46339
46341
46345
46351
46352
46359
46364
46368
46376
46380
46381
46390
46395
46402
46407
46411
46412
46416
46425
46433
46435
46444
46446
46451
46453
46458
46462
46469
46477
46482
46487
46492
46501
46503
46509
46516
46524
46533
46535
46540
46547
46548
46550
46556
46558
46564
46573
46580
46581
46588
46596
46599
46601
46605
46609
46616
46619
46625
46632
46635
46638
46644
46650
46658
46661
46669
46675
46684
46691
46696
46704
46713
46716
46720
46726
46734
46739
46743
46751
46759
46766
46772
46774
46782
46791
46799
46802
46809
46817
46819
46827
46832
46839
46841
46848
46855
46862
46871
46876
46880
46884
46886
46892
46894
46898
46905
46907
46910
46915
46919
46921
46926
46931
46933
46941
46950
46952
46957
46962
46968
46973
46977
46984
46987
46988
46996
47002
47010
47018
47023
47030
47039
47044
47048
47057
47064
47070
47073
47082
47083
47087
47090
47098
47100
47104
25868
47108
47112
47114
47119
47120
47122
47130
47132
47138
47141
47143
47150
47155
47158
47162
47166
47171
47177
47182
47187
47192
47194
47201
47203
47205
47214
47217
47222
47225
47234
47236
47241
28746
47246
47251
47252
47257
47259
47260
47267
47272
47277
47286
47287
47292
47299
47306
47313
47318
47319
47326
47329
47335
47343
47346
47350
47357
47359
47363
47367
47370
47376
47378
47382
47387
47391
47397
47399
47403
47405
47414
47416
47425
47427
47430
47437
47444
47450
47451
47453
47461
47464
47469
47473
47481
47485
47487
47496
47503
47512
47513
47521
47529
47538
47539
47545
47549
47555
47559
47566
47575
47579
47586
47594
47597
47599
47602
47608
47610
47619
47623
47624
47629
47632
47633
47642
47651
47659
47667
47669
47678
47683
47690
47695
47701
47707
47709
47716
47722
47731
47734
47736
47739
47745
47753
47760
47769
47773
47781
47783
47790
47799
47800
47803
47809
47816
47825
47831
47833
47840
47848
47857
47861
47868
47875
47881
47889
47890
47898
47903
47908
47909
47911
47913
47915
47919
47922
47925
47926
47929
47934
47942
47946
47952
47960
47963
47966
47971
47978
47983
47984
47992
48001
48002
48008
48010
48012
48019
48024
48028
48030
48034
48035
48043
48045
48049
48055
48062
48066
48069
48076
48085
48086
48087
48094
48098
48101
48103
48111
48112
48120
48125
48130
48139
48141
48146
48149
48153
48155
48161
48163
48167
48168
48177
48179
48181
48190
48194
48200
48204
48211
48212
48218
48227
48230
48237
48238
48244
48251
48254
48258
48259
48260
48269
48273
48275
48276
48282
48285
48288
48291
48296
48298
48303
48306
48307
48311
48320
48327
48331
48338
48339
48346
48353
48362
48370
48378
48384
48385
48388
48394
48397
48399
48403
48407
48416
48417
48421
48423
48429
48435
48442
48448
48452
48459
48464
48472
48475
48478
48484
48491
48494
48499
48505
48508
48515
48522
48528
48533
48537
48544
48552
48553
48560
48569
48576
48579
48588
48595
48601
48604
48612
48616
48621
48629
48634
48642
48649
48655
48664
48673
48676
48679
48684
48692
48693
48694
48701
48709
48714
48723
48728
48729
48737
48742
48750
48753
48757
48758
48766
48775
48778
48780
48784
48785
48793
48801
48806
48813
48822
48823
48826
48835
48837
48843
48847
48851
48852
48861
48863
48864
48866
48874
48879
48882
48888
48897
48906
48913
48920
48927
48930
48931
48940
48948
48953
48955
48956
48961
48964
48970
48976
48978
48985
48990
48993
48996
48998
49003
29503
49004
49010
49011
49012
49018
49021
49024
49031
49038
49044
49047
49054
49055
49064
49068
49071
49076
49084
49090
49091
49099
49108
49117
49120
49128
49132
49139
49141
49142
49147
49156
49165
49170
49173
49177
49183
49189
49198
49206
49210
49217
49226
49233
49234
49237
49244
49253
49255
49259
49260
49266
49269
49275
49278
49282
49287
49291
49292
49297
49302
49307
49314
49320
49329
49330
49335
49343
49346
49353
49355
49359
49362
49363
49368
49373
49375
49378
49380
49388
49391
49392
49401
49410
49417
49424
49433
49434
49443
49446
1044
49452
49454
49455
49457
49461
49467
49473
49482
49490
49498
49501
49510
49516
49518
49522
49523
49527
49529
49531
49536
49539
49546
49552
49561
49569
49571
49572
49575
49577
49586
49594
49597
49601
49605
7272
49608
49610
49611
49615
49618
49626
49628
49629
49633
4795
49635
49639
49640
49644
49645
49654
49659
49665
49674
49680
49686
49688
49692
49697
49699
49705
49709
49716
49719
49723
49726
49734
49736
49741
49746
49755
49762
49771
49775
49777
49780
