32348
5989
22362
31938
26849
4367
15507
9905
20086
14721
8732
9702
27062
29836
16979
2009
3403
5932
11471
29270
2752
6113
30942
19409
22614
26647
18009
191
300
24064
27881
24280
3323
22017
27028
28636
23799
1151
32043
26397
17125
28754
13398
27496
25105
15027
10186
14747
19068
8376
19510
29452
6235
7161
14445
16978
24828
19018
3576
6142
6945
19199
29628
29640
12803
27879
302
25150
2554
30991
28169
13720
17849
5557
24942
13501
592
18074
14140
25732
8518
24440
6408
5348
3483
28277
12278
6401
17801
5464
1594
14372
3186
9590
23367
3341
21028
22973
31739
3974
17178
8279
12394
14177
3068
29176
4792
19838
10416
12587
5320
11681
15402
27713
11613
783
4452
29364
31928
13481
28030
15863
30299
15590
22563
17127
8678
2783
27667
6815
21231
6059
12129
26249
5890
7553
7679
8185
24690
9851
28148
28794
13166
26171
27938
9668
15145
9014
28240
23475
6984
10645
277
14593
30990
17156
11105
5202
32210
20883
17950
19983
7667
21264
19129
19327
10651
4276
13928
11074
13155
11236
3765
12139
28330
30397
14522
12447
2574
13263
19170
3990
25779
9910
20876
12086
21162
22805
7856
29237
1966
7854
12600
11974
9372
19429
19064
7287
20693
11385
13335
5370
29897
16901
27100
12432
30518
23142
27957
19847
5353
31777
27717
9597
30093
5735
6608
17754
4278
10096
14407
2234
26974
4195
16539
30388
16918
14327
1515
29227
22430
23909
7995
17570
21605
27451
20521
32053
15607
18980
19746
26542
30064
18259
19198
19346
8254
16282
31783
22486
21922
13360
10855
7495
22591
16886
11463
24192
28996
580
29173
14511
1656
6137
26077
20227
7844
23413
25857
10777
12088
21641
31805
78
5794
11156
6687
1619
5737
21411
30296
15858
28163
5649
7106
22272
27857
2039
10339
2500
22536
18300
19987
17032
20600
23095
767
32327
23132
19792
18794
15262
10321
3604
5801
8006
8962
30084
26293
30309
29558
1452
11114
18416
10794
7514
13317
19042
32591
32050
21403
2789
12655
8433
23270
20869
28867
26704
24197
11742
23623
23781
11965
4036
15644
31979
20062
27710
4257
11014
14049
12276
5496
21527
9432
25482
1241
4880
20722
29419
31064
27200
11275
26917
5622
20526
10382
27903
6072
13673
23432
31437
14780
2785
26006
15813
11665
28302
4206
8360
8407
15782
1581
14892
8862
16548
16635
23621
24917
29104
27009
5986
19164
28641
12412
31466
8279
19756
24783
2291
17781
28244
31299
9612
13872
3503
8958
31943
3897
26049
12533
13065
6722
22928
367
28703
7147
25165
15819
15710
17141
2934
17643
18825
8422
3552
22033
22870
2371
21152
30249
30983
4878
315
6260
32189
23900
16944
22509
28677
30407
9828
19735
12396
11018
21083
15478
26668
21903
12898
6598
10755
3554
22305
10748
433
25355
31414
27097
10134
23033
19282
31747
9738
16918
25847
14906
32665
26174
2202
21284
8549
26418
15155
27422
20869
19502
15957
17162
23178
28603
20001
3774
26096
6642
11711
17309
19336
9709
23142
7021
19206
16901
29669
10010
2065
7291
12529
4036
22555
31825
7863
15551
24988
28750
30442
31692
16443
2999
19929
7758
6696
17832
5826
16602
14462
32089
23263
7217
317
29776
13029
5707
7529
21265
25678
28438
10887
22807
14492
25327
12756
16619
25551
20948
20204
18637
6668
7996
20093
27379
9291
16134
2735
28926
8994
19788
26097
25691
18313
21458
6427
31640
30780
27353
19025
29262
20218
3327
11673
11133
6410
27957
24379
19685
6682
5451
330
17552
32297
17340
7774
17271
26979
31614
6252
6366
30951
20831
10586
30775
26292
14993
32368
5986
26465
28428
8968
18229
13491
19139
29106
8865
26096
1182
7530
29738
5166
23543
11040
9740
10131
5848
5690
5159
4850
8243
26590
15133
19660
25014
24513
23685
1623
30886
32568
27894
22785
31333
32390
21515
11438
15290
13417
8696
30792
9982
13118
15235
28774
17930
25457
9580
3042
6990
10775
14882
24867
30424
207
6496
15363
14424
31775
154
1199
12892
27364
14690
20609
4769
14282
19201
11509
9394
32018
30072
7382
2473
31826
25016
6609
4086
9789
13288
935
16879
7497
12748
29973
14585
18347
6066
22795
12689
12454
16184
30506
13460
23826
11184
29744
21975
6862
4782
15206
27204
31945
13095
1173
10439
6805
17461
23704
23933
31841
11200
31015
12264
22574
19267
1827
32097
11628
25523
8264
17673
402
1694
30670
12974
1023
30264
14943
7027
10890
28829
10198
25474
21881
1553
9916
25877
14627
28776
26244
17079
18156
62
14371
32268
25659
2065
11698
26939
7940
26560
17535
11591
16506
6447
7956
18886
21373
15859
6194
4921
15227
27061
9020
23958
21591
15050
19118
15341
23092
31429
19796
30834
4221
29288
29648
5683
9137
21360
10837
7661
11443
9923
6580
22231
1190
27222
22137
21835
21101
16040
19360
22320
20803
2058
18421
21194
11272
16170
10125
21605
24491
31258
32163
15648
10981
21028
29232
8943
15722
2904
13361
18206
32753
24616
9189
6521
27238
4524
2415
21035
4779
24139
28245
28836
30483
4947
29568
10636
25021
13875
7271
915
32482
20221
6856
32006
1370
2888
16593
32249
18900
5440
1690
11446
5077
1084
11537
14826
17563
31555
51
10896
9565
14110
4992
31042
17662
13553
8882
16731
19552
1126
31702
16073
6192
14361
5314
26053
8722
23749
4029
10177
7903
19245
25618
13326
30610
17427
9667
23987
25278
429
27045
6434
29174
11629
4070
31654
32131
15009
16662
788
27459
13816
16302
23831
1031
5976
19085
19883
23523
14850
31419
30659
27541
28571
5503
25794
30003
10998
28905
20865
15610
16831
18806
11784
16447
11070
23645
32210
25808
3267
24149
13618
25489
15144
30326
8734
22820
15865
22037
29242
22747
20201
16350
8409
8523
7556
9997
32305
30083
27754
7169
24615
19599
27855
22123
30368
31265
27139
20204
14579
30815
20496
7515
20344
17628
24325
4720
17566
1411
29794
8240
15835
19707
13515
31458
26446
21849
22236
23861
29370
13365
14955
17804
24879
25943
1575
30535
8607
25202
31247
22883
21713
27662
7337
2259
30844
6904
10838
27780
28550
18488
6371
32286
19340
7663
18605
26429
17983
24573
12164
15729
28460
24064
5069
30562
31654
18737
26298
18609
30617
4901
21109
12760
6039
29503
620
2845
25102
30390
30501
11667
11890
18233
30113
31530
6103
6603
25597
15548
8263
20124
19851
3220
30297
1398
19519
13686
27967
3630
12743
7254
20654
6968
12699
3384
19977
11732
32073
26270
13450
2141
16024
5994
31216
30693
18276
17468
24307
23088
20149
30109
22071
24988
1250
7750
2861
15530
7591
28040
3280
24303
17442
8511
23760
28595
27494
7545
1955
31695
26321
14144
17630
2322
27294
30934
3347
5876
5777
25768
29741
24293
12373
29196
19124
20040
1869
22783
15693
26132
30827
4141
2179
5908
15542
710
12924
3634
1221
21678
11067
27023
18607
12481
10659
19754
8673
854
3720
17039
27296
9189
23791
14963
10368
5941
1613
22625
6641
175
28668
27680
29840
28037
6836
19290
18311
1335
1193
22226
4905
12844
32285
7696
13359
27739
13806
2542
5996
6380
17713
8528
25285
10291
26688
20861
17786
7153
19663
29325
3086
25436
2985
7154
26612
26001
17963
20723
26132
22932
17809
8118
13923
14688
9172
29392
30508
4687
12752
12118
26831
30488
14918
32662
23267
30272
19759
1919
14793
18979
9694
27486
27991
12218
29428
13977
22313
11397
26836
23389
1270
4726
30783
27711
31689
31878
15776
3850
23107
20662
12333
13621
16906
1067
22229
19782
12298
28837
22395
7016
13045
11751
29776
25099
24466
30324
12115
29290
18476
28105
24817
21774
8247
4462
14045
32699
9078
31372
21714
16018
28140
7218
3056
20933
1808
15383
11802
23381
28941
22690
8588
11313
358
23363
3532
5390
25346
22880
6220
3913
14916
2273
28024
20816
20596
30889
20361
30963
1379
11912
19368
2028
10800
219
2588
25986
6032
32499
31822
17870
10595
10652
6636
19642
10099
13235
11575
1573
12357
20324
13739
25590
26074
7923
13347
11838
25985
9444
31561
18464
14482
12317
26345
19255
29179
4707
1866
16188
21560
6972
19163
12816
4169
12234
7672
20021
14224
24051
9204
18607
25767
24948
19401
5910
11736
1263
20079
19490
15528
8344
22425
7361
31689
30673
3448
11778
21832
6432
32763
23524
4626
21784
4357
7535
5874
13131
12878
21968
11441
7025
11774
13957
25921
24442
11083
7741
10872
15883
29621
14879
2412
26806
6047
23771
13788
858
16287
93
19491
21946
5160
10232
7391
16672
27953
5349
25312
23557
6542
8730
24988
21084
18313
18345
30249
10410
1241
3841
7712
3551
31745
1642
10937
28778
623
9511
29260
17092
6938
3225
8803
3664
10821
26646
29589
16372
8957
26735
24288
22875
4549
25357
28841
31528
24990
24306
25769
32726
5000
24970
29440
7584
31562
6020
21946
18654
22387
1097
6236
3900
19078
2873
14435
4846
12555
27574
3805
17155
5861
7630
4915
20120
16384
20313
28089
2318
22009
15782
29964
17066
29955
2082
19295
20935
9310
28451
16374
7685
4519
929
1570
19015
14786
4750
18290
3187
7738
24493
13952
7474
23023
24061
30974
15785
31637
26170
523
5662
18021
23501
6498
21346
5564
9157
1392
31930
20505
19277
10666
4518
6534
14098
18507
8452
12792
14032
23201
12870
12343
30666
25825
17302
10952
24620
2748
29115
2017
16109
28037
5994
14589
5609
21237
26813
15556
7681
30458
28953
22662
30871
24304
8103
22208
5769
6095
26255
10259
28555
8111
19656
6225
16048
15287
28194
21227
7008
8862
19276
16982
14209
23303
29177
20391
15213
31286
2446
20293
31144
25796
10265
6933
28070
28830
5221
7294
22264
25737
578
29531
12581
28372
28547
2369
6545
3312
17269
22007
1498
2315
3750
12730
9559
22049
11089
17735
30359
16552
15420
22824
849
671
24144
25397
12722
32429
7378
9849
23316
24825
5575
6331
6005
1406
7544
26659
9094
3887
10290
17595
29838
25337
9751
815
8183
6771
4917
31320
19155
32114
2441
10456
19159
18935
22312
4108
31589
20574
10330
27230
19275
7037
4939
94
13669
11744
16352
28197
14080
32761
28146
19850
22865
26764
26222
2300
32729
9752
22372
30620
7328
283
20160
29865
20259
6128
7906
27711
12615
27657
21457
471
28738
25624
11377
15205
18668
18836
26210
8716
3043
10351
11507
24978
18337
25242
25770
31905
24178
12061
3162
9373
25357
6858
2364
9702
26004
19281
10189
28463
15237
21936
28145
15076
27987
6914
9129
19381
21700
1496
7142
854
26676
6875
5320
5446
1367
889
24358
31632
23663
21766
6611
7509
10210
15653
25257
7840
23442
14828
533
13130
23755
1482
3628
7322
27994
9328
24201
11
24129
1022
5643
18017
17937
18359
32020
3218
26235
3914
27997
2590
20732
25280
22743
21767
18145
27324
1456
9742
21518
7457
28162
4891
4195
30679
4169
15452
937
9865
8232
26925
10177
19868
29313
13993
21063
8998
31905
20491
6792
29699
14487
31759
25660
14078
17274
16251
9998
13827
13119
10956
26971
17395
11924
927
8179
17309
2837
21994
25843
24710
8293
28080
25413
6244
31483
4683
4554
17700
16822
31356
13942
6366
6965
6253
32766
7881
7346
31816
29125
3783
25306
25569
18192
14810
8278
13166
5979
14121
30347
11187
1138
5618
26344
25767
8318
18909
7546
18126
15412
22376
10257
27876
3097
1030
27151
23693
26413
22832
20126
15748
22463
19260
16865
1127
27921
25942
10803
31836
12945
31294
23284
26839
6582
17129
19284
6392
21269
12391
26610
22247
16050
12196
6799
23886
8156
18756
8266
19505
22415
8255
24139
6939
15283
5151
26250
25640
13954
17088
11885
10575
23011
13452
12649
22017
17640
23514
10673
302
31074
3609
23952
13080
26244
22732
23223
17507
827
17673
30650
28524
5956
24222
7970
16050
13284
28361
2338
24907
2054
28076
17248
23893
7864
1709
17773
17111
31957
29349
15030
2319
15909
28515
30967
30323
516
4716
746
20887
10622
14071
15657
3729
866
17362
23959
19311
32474
29085
19556
13469
12882
26153
26810
15782
22966
19726
31695
19951
20525
24859
21629
7805
5557
3530
23354
25980
26894
16058
1238
25666
9498
12893
631
10637
24923
17358
6001
23197
29958
11592
17648
3610
9820
7486
11146
25307
27901
24948
24297
29449
30448
23377
2024
10010
18498
30757
14634
22847
6028
3070
8687
20912
32330
3136
16137
20430
25173
16813
13691
4368
13579
6887
2620
31425
24997
4687
21555
1880
16658
21143
10963
26609
29659
9069
20110
17639
18583
5324
28342
7917
10862
5053
11091
9381
20032
28935
28954
14032
24236
18215
1008
29927
8513
21970
4631
26190
6294
20103
13138
28972
13353
13813
32491
7560
3070
1908
11029
15142
12347
31627
19082
4952
7025
18290
28876
18852
14021
15403
1497
12821
13270
24999
29960
22805
16410
9958
8930
265
12767
2400
18316
27887
32235
31991
26880
1422
8878
7013
3256
3271
25947
14499
5723
19868
3662
30822
28253
1810
1101
19753
93
29414
29219
24021
1225
29490
6957
13423
3868
31693
31807
29293
25390
30801
20685
21910
4409
7177
9658
16283
32095
17923
5291
16587
20772
16550
16962
17753
31041
19178
27763
30078
18453
11535
4402
30251
21114
16284
17600
21472
26215
15227
8321
20498
8712
19350
30838
24223
16337
30405
742
19476
1797
20642
28681
11291
12292
16880
29137
32702
14385
28322
9136
11596
14556
4195
4344
16120
30807
12060
20856
229
16448
5462
6624
25862
29935
14573
8373
32736
25953
27390
10618
32422
1535
23852
12822
30103
17673
22362
14059
19134
5002
17212
5282
32476
12499
13181
24336
5884
7772
4614
5505
11796
23198
9276
27758
7647
1589
29943
16950
32390
9848
5725
32271
23884
26196
8241
3241
17037
31356
17232
14191
16376
14359
16572
21408
12267
10483
27862
8127
32575
3366
29990
24419
15323
7661
11466
25770
30083
6528
4426
32542
26196
3532
1780
4446
7604
5075
17354
28755
12283
9344
5410
25379
17836
14016
26992
30902
17380
25942
13794
9447
6545
21465
2653
8865
19304
9918
6826
28787
32090
15218
7145
8325
15400
28795
32261
3055
18259
6053
13583
14306
20658
14892
6971
4062
9851
26699
26319
9861
1726
1434
14188
162
21126
17508
9451
8682
13689
3060
13328
32705
21819
17213
31608
1756
25885
23304
28271
3465
21206
20710
6333
24551
25541
25063
19222
9946
30604
10949
7132
13488
2496
15416
8849
27607
29086
5643
19460
12680
25860
6339
5634
27903
9427
26897
20471
21876
1576
17162
22848
7259
7592
29417
17864
8180
28144
28536
21863
4118
23299
15460
29308
20674
27445
22425
13523
19375
25699
10560
4999
12010
10470
29359
22097
20441
19305
13893
22506
32332
2715
20625
17669
10001
30783
10094
16915
16697
14587
22027
5912
1779
23879
2732
1300
24374
27309
26349
4787
5259
28716
30249
18446
9804
25184
6792
22409
30804
6050
17333
7096
27854
17109
31519
678
26901
19064
11708
18940
6961
20261
2659
15963
29917
9077
3855
5910
232
27824
2822
22434
22643
12996
21387
8316
9999
24651
7664
26472
23714
20507
13428
31159
4469
9817
26114
5617
31602
25718
23990
15419
8094
20036
22345
1497
26543
2185
25405
18053
27972
22213
5669
31141
1476
31929
14874
6697
8604
16174
4253
23767
22565
643
25710
31895
27082
2596
19645
3804
31933
8368
2545
5012
2970
36
29466
21156
13321
3335
28395
21479
18489
3596
3119
31655
26851
8473
14645
22908
25782
30146
27556
8957
32179
22569
21996
10377
22644
5373
20149
32595
11451
7775
22078
12125
12883
11314
15737
17421
17911
15354
25001
17634
32003
7031
3868
10555
26277
19738
13711
32402
23641
28737
18601
11653
26291
16182
10231
4510
19077
320
15159
31100
28437
11306
1325
28951
26027
325
17038
32176
29492
22986
5524
5765
6375
24042
25143
29444
20589
10631
8564
20966
6557
21695
27266
14926
20643
12008
11881
15229
17075
28701
17069
15020
21726
14419
28077
22240
24038
7793
27937
6785
25226
16438
5343
21523
26170
2069
27517
6463
2726
8135
7692
23367
25226
12746
10036
23581
27021
23708
23497
30600
32601
17623
14385
82
16732
13379
8419
1967
24507
9139
2386
10941
147
20398
16463
24276
18297
31333
20902
9598
9464
3932
31267
27790
23
12808
23524
7149
14725
28518
5395
23229
21162
27577
26112
15933
14912
287
20951
12636
32699
30222
19580
13282
15726
17665
25961
24694
8924
29521
28178
3308
13703
11500
24390
3015
3509
667
12010
5888
16807
3892
23295
15165
8998
27605
22285
32611
17317
6554
26687
8545
2464
27818
18640
12408
1061
9472
17814
32209
13439
6629
15869
18607
28102
16827
8636
25249
21278
31796
2672
16754
3609
10240
13581
11247
19826
8769
13230
2279
26107
6168
30340
19029
26233
30409
27279
11593
1961
26634
26662
26354
20768
8769
2090
11555
22240
18579
18824
24644
20817
20729
3069
4071
1663
5465
1975
3378
22733
15031
7789
8020
24727
23954
7110
6553
30338
19624
22452
10151
17916
4386
3778
25416
1224
20426
15595
28486
18651
23196
3152
11932
18855
21177
6872
3369
8593
21455
8265
8839
18656
32195
7287
27582
2233
26329
14645
8100
30210
28378
22673
30380
6669
22132
27953
13113
2960
30735
29026
22659
8370
24860
9238
28443
32272
6970
12612
30726
1087
15602
9019
21943
14188
17054
20121
25650
1755
5389
10687
17063
11359
8368
12175
27753
10568
23949
7910
30596
13552
9169
3349
64
22275
16244
4769
24649
13882
29507
15287
23899
32689
24709
27673
25153
26732
2833
6650
23466
7469
617
32323
20867
16585
20828
2690
9452
17055
10062
18582
28557
20082
18834
20993
31326
16506
18239
6806
26138
17417
25858
4434
11330
26707
8909
18700
3686
26175
32148
29813
27849
4400
9004
13776
16474
13060
25236
715
10919
32279
9019
13293
18814
27990
12529
10707
11628
13495
9241
26270
16217
14266
23337
23937
11653
6005
24341
7650
21776
32351
951
10375
10042
26387
15506
6909
23379
31763
6565
31826
12911
2654
13860
21345
32021
5308
3917
19427
13895
12174
30162
14431
14200
1742
22835
16003
1617
32418
18271
1343
28704
22641
1615
28913
14149
22134
23290
18833
30572
11093
12032
13
20070
30212
12497
19583
20610
14081
4083
16890
22136
3219
29492
27473
15093
3179
28037
22316
1354
981
23682
6885
26778
5432
24607
14307
29448
6254
31614
30599
8046
15032
20781
8416
2973
5742
28905
11023
26798
19187
11318
20029
58
30655
8973
7444
30617
30241
18842
21524
30004
9593
8310
29354
444
5090
27720
5627
19236
10084
32352
23408
22292
22627
20466
10027
28639
24235
282
7650
4599
11778
26587
11860
28710
13039
30475
16042
7531
14497
6980
13258
26468
27234
31090
6615
8686
27278
14192
5686
28197
9142
14442
8615
26280
8030
30993
18172
14015
28086
19575
15540
6184
17263
19917
24716
1030
14997
25102
4692
550
3941
19303
9191
22034
30637
22945
29827
6135
29350
18933
9426
20315
15097
30140
26701
21266
18165
20720
32571
5805
23613
2812
17246
1932
3820
19727
31641
16235
15963
25635
31727
15737
26459
18054
25295
9326
16846
25254
21553
20993
30348
1550
31789
6696
28855
24312
7825
16127
22790
18142
5358
681
30044
25418
27763
26449
23434
18402
23226
4535
28104
28539
25597
20814
32409
6584
5127
18279
28628
9213
10432
2655
12654
27921
9093
4363
20187
29338
28630
22990
20789
6052
5260
1881
3911
14532
8568
8946
23460
24882
11043
4802
20974
14504
6578
29611
21017
1029
16111
19759
11224
30450
20004
17135
23937
15074
24736
16769
5787
11634
25510
15774
1039
9227
17103
4567
14279
26160
25282
10955
12593
26346
28595
4810
26117
25085
13808
22209
9516
10687
21452
22052
23831
8396
11795
6055
4613
28462
69
19696
12386
4415
11417
3480
18030
32117
4411
22523
8020
5694
32442
26504
23458
1156
28312
7861
26142
17399
17466
22629
8453
8524
6601
30464
21713
323
17532
10047
21095
7718
29820
17854
4814
1701
47
29339
65
22412
19014
18216
6982
25595
20580
13876
3303
27344
24815
30706
17409
29750
31183
7337
29934
29185
3770
7213
29376
27308
21533
23216
302
10796
17633
312
10297
27740
19621
373
4757
28463
13828
29159
26588
29527
22254
1675
31302
24256
14152
30814
1820
9720
28024
8844
12487
23559
25601
30396
388
26206
30002
31933
17260
25229
10112
31294
21628
26296
1815
16117
2918
7263
9701
29385
28635
32548
16620
1384
8572
10499
5990
7014
13840
10167
25536
32135
1574
28737
11365
32222
7348
19360
30595
23564
20199
27077
470
23640
20409
26722
12241
105
18698
19879
12689
3662
24854
28469
28342
10306
24607
21347
3588
18653
1262
11740
15371
28008
24712
3700
17051
14318
9922
10719
20604
13216
25321
433
3601
6120
29936
9983
30599
10972
22737
25812
253
30723
28056
27753
22724
29725
31906
31250
28259
18188
4381
17587
3142
23362
25651
23558
10099
19134
2160
2534
20141
32111
1319
29459
20366
6586
30497
23329
21250
7735
11046
13504
16142
25030
8345
10647
24360
1579
15790
222
5383
14233
5375
20061
8817
20297
17209
18151
30460
5415
28131
29130
10913
7484
28724
15837
10173
26870
1049
22977
22716
30032
1166
15223
8317
10448
9419
20449
23862
5850
24879
10705
11108
18030
7058
3261
13621
7211
13911
2241
20672
13756
30266
22474
10323
24630
3322
9534
23155
20890
4047
8685
17610
12233
31587
21741
23723
31593
22769
4196
19152
13626
520
2507
1706
29801
30725
17307
15883
24891
17044
1551
12850
6772
23737
6384
15946
27345
8712
13019
8555
11680
28111
1012
17101
1989
1705
10709
24218
14932
3161
21032
22405
32072
1577
26499
9304
5990
20389
29271
16145
17295
17331
13063
14361
29053
4214
21476
12012
28440
24919
17569
646
12887
15352
1090
1514
17050
21132
4779
12229
29624
19757
32699
3625
18208
28974
27003
28126
26181
3268
14835
22939
2773
15774
16957
28177
651
20068
19982
24320
20495
28523
5079
17289
11569
22081
12857
28291
19738
8146
5640
22177
22397
30406
26552
13331
10875
23941
23427
13318
17314
4511
14427
8108
29600
27660
13124
13865
13965
3611
27229
19289
8368
27149
31808
14037
22843
5217
7343
30481
25580
25043
11549
31690
25757
1384
5148
12175
15065
11882
11555
27712
13154
24303
9153
22208
11847
19428
9553
7259
23399
14816
5730
25192
28023
25659
6882
25260
7773
15788
17761
24236
28031
24591
25449
8461
25187
5473
28212
2790
24171
24140
6458
18266
24944
12962
20127
21341
16410
17075
16139
5224
5056
14516
31115
18804
8479
10048
2753
18974
7634
14873
12988
16276
23793
10459
27429
18175
23363
6947
30583
31637
25772
2992
14976
14093
24947
8381
24251
6025
2159
6070
7169
30112
9169
22186
3034
5621
21170
21009
10187
17820
26033
28493
30389
28763
20203
13361
29060
32706
12749
17716
1283
11011
6020
25980
32040
1913
14465
22561
23913
18590
12800
10076
14685
6518
8492
25901
5483
6167
27768
3849
16601
10224
13200
18539
28672
2768
5360
21143
11719
2761
5818
11091
30079
29530
22101
22193
28156
5413
20192
24042
15522
22561
4835
23808
544
27969
888
27930
13288
12827
20451
1592
19198
27592
14472
20955
22721
28657
31853
4274
19050
23290
26353
2445
11827
12559
7780
25409
21238
24271
15510
23248
2129
5946
10726
21053
17691
14787
16136
14867
23197
19070
3229
19979
27422
18292
26036
26615
22751
28285
20186
16766
277
30800
1062
30454
9236
12138
23094
1376
32693
13227
25171
22175
31564
17523
29528
31673
16451
17988
1909
18023
25218
10641
13792
29711
21352
21764
32499
28095
9629
1081
8053
27873
6708
13689
2249
13870
296
31453
7845
20046
2071
26432
30581
16111
303
12627
5827
14326
7790
20874
3696
32120
30627
6514
11583
6097
16131
8952
17868
23202
9734
13890
23723
5360
30434
7635
19367
4859
30940
27789
24959
26722
27388
9088
29385
2238
28441
19434
3030
6811
12538
18632
585
27094
5521
15815
31074
27244
8532
7918
18081
11765
30838
15060
4725
897
18927
7996
30188
12421
19692
19260
6436
24643
29200
2208
12560
31119
30280
29396
9291
32188
1269
1625
24501
2257
7011
3817
4731
4292
10544
25150
27188
3244
29933
7131
7034
18328
32325
32484
16813
21158
32521
18543
1767
8792
10533
18495
7149
20656
2918
13319
22073
21716
11149
6824
17613
27023
24204
1364
1934
9803
12718
23085
25241
11733
10793
24002
22258
23243
4562
26753
20568
15957
17140
9018
29838
3719
312
31697
7555
30170
20791
32342
24220
26159
32624
21061
7415
16851
24161
28792
9026
5754
17405
6553
32522
9953
16998
12230
13712
19818
10714
910
23012
30530
17362
15577
1796
2635
9857
1930
28368
13676
13199
9036
4220
30947
7027
5328
12634
17189
6315
32484
29623
9230
2826
12188
1603
19584
22989
25677
28430
10362
23136
13356
19746
4077
13325
22655
8844
9341
28365
282
18742
30790
2134
32737
2010
31934
10156
22874
11297
16109
25187
29999
11378
32574
13071
29848
6231
20224
30436
6687
2509
32200
23935
30024
15229
749
22655
14724
6872
21333
22032
18568
15141
29968
23281
20186
32072
27694
10695
26500
1922
15347
21188
1993
1512
6344
11217
13586
22866
1588
22915
21229
7249
13824
16266
2006
29120
8518
3938
29420
3747
14621
9875
12910
5177
32610
30539
26308
16106
16396
22977
1987
2544
7138
16033
30234
26057
2729
3442
20711
30410
28328
24734
1795
13974
13690
26797
11085
11777
29886
4873
11738
28397
13556
12379
1208
22220
5647
25608
15023
10544
18391
18479
16166
3851
32345
2732
20476
19674
6801
14739
8902
20929
16618
14688
25557
15401
11987
26831
16013
8719
22012
7414
9458
12580
7881
24672
9723
579
6563
18882
9863
11587
22568
25086
9249
3381
16418
25862
2193
29479
17008
29566
25317
18123
15436
23251
20290
4230
1989
7954
14667
30275
12818
9667
20735
10568
9782
9793
31991
27141
14057
17913
14878
9872
3341
15249
9715
22593
17988
11331
30161
13226
22061
23413
32250
21100
29462
1950
23384
6571
9985
10816
21643
5072
26967
24679
15237
5440
27862
5049
24624
608
14299
31255
1074
28423
29921
21168
26160
275
15809
19766
4641
13089
17761
4038
12980
6922
27919
7686
27370
5504
9442
22438
13702
27174
8536
14917
14410
22139
9974
2391
18741
27608
28538
2951
7482
1867
26332
22666
29768
20617
3999
30182
10122
31798
4154
30228
8569
9444
9827
16442
28311
28305
2262
8154
22316
16430
13708
11948
27017
10034
31090
26703
11837
13310
27379
3008
4413
6905
25950
26173
26577
18841
4220
22295
12858
3512
22600
12939
26947
15552
23827
1642
27233
28689
19683
2214
911
11545
21041
17333
8796
25892
6313
6393
31147
10889
8159
5305
1423
18483
1493
12596
12716
28640
21615
16064
30180
29992
16577
28705
21587
12388
15518
31613
840
27382
23010
19395
24160
13662
28007
28945
25603
7433
22799
6646
15714
21230
28156
11094
14808
5954
24220
20898
12377
14468
6672
26125
26191
30691
14827
19135
12310
25400
16445
21452
27519
4835
4
12204
25077
30984
17780
8781
2873
14883
25743
10050
24118
2680
591
497
29146
1474
25379
21897
22448
3732
32037
20059
27507
4321
18312
31529
12689
31005
10843
14080
18592
26226
22366
9911
5083
16454
12822
8904
15178
17642
20256
3994
15713
365
26140
2898
24108
817
6166
608
31178
7728
29217
10922
30974
22083
16219
29056
26432
21781
12018
14902
24737
14291
29135
11315
28581
24308
9466
421
32159
28014
18126
7889
2502
16653
25294
13046
29517
18884
2949
22917
7340
9169
6596
1695
29209
31941
30516
3515
27811
12266
13663
21506
12470
8545
30332
10899
13906
15421
31686
24800
19726
25231
21744
25824
18690
14593
29460
2184
26395
5986
6316
11719
29911
16664
4560
16711
2022
23076
2841
1720
11012
9284
30578
6471
23513
32254
22366
23298
11031
14201
13567
8606
28691
28831
16897
12419
15211
25472
24403
17083
28619
22960
18515
853
7321
25651
4738
25632
13028
17085
11875
20036
15911
15995
24786
13700
2392
1148
6161
19317
17668
2827
21975
12208
13812
25971
24377
17257
22714
32341
4073
7470
24222
1227
26595
6829
30382
15300
5648
29712
17289
22060
8380
6794
5140
27069
3011
11917
9315
9493
18165
5178
17547
14961
4751
15874
25235
25772
5068
27552
15453
15440
3223
20930
6078
7799
26163
25717
5979
13305
9420
17127
28146
32136
20156
16206
29585
6262
14232
10874
31804
1105
31302
21900
5271
3339
12777
1351
2985
20535
17102
16807
26679
25372
17878
10397
25704
17018
31979
2859
12599
18602
28998
11791
28357
21599
3691
6881
5182
3668
16388
848
7120
9756
19266
7666
19695
16549
23293
8884
32210
2114
4511
3843
5659
238
6462
30512
4623
29072
15047
20541
16350
4026
12556
2738
12054
18546
30323
31528
8164
7457
23581
8753
23436
27024
435
19055
32197
30000
188
11673
26261
8182
29100
20060
27246
27769
30716
16409
31150
12235
23434
29948
13855
20755
6939
20684
11570
31761
19616
16065
21707
1660
19844
30083
393
21292
159
5095
26868
16936
21021
9097
4852
24321
23139
17824
7052
5100
25152
19775
9891
11195
14464
4578
6912
25003
19135
10209
2153
2730
17688
23382
16064
29650
29255
18881
21313
460
15268
30274
31140
5117
3104
30007
21030
26290
13988
8971
30990
2756
21866
21780
20303
26993
5623
22271
10077
18239
25924
12803
24242
2456
25076
18516
7885
9338
20556
14415
7486
23720
27669
17784
19528
31420
21215
377
14304
12835
22927
24038
29200
2976
839
26956
1791
5324
29428
13535
6948
13980
20414
29686
27842
5660
1892
7701
12559
23203
11446
5605
1073
11775
7373
4504
27498
219
9758
817
6331
3002
17529
10932
23139
21788
15413
28574
12250
25250
605
27809
16884
10092
21799
20064
22602
16932
11071
17641
12805
23273
9342
23603
3752
28706
528
18839
4869
1453
31043
10029
22936
11836
24929
27867
5361
14282
31359
26571
609
3220
19369
10824
8609
24627
13241
14588
31427
24818
29374
17241
24924
7604
14760
7177
20728
22734
13113
22110
12883
23935
9683
27401
24921
31162
5530
17740
21438
31534
30866
13900
31695
14798
21060
12110
27834
19730
13137
29808
25035
10038
26045
24893
10272
20680
25562
9090
31984
12995
25032
20301
3334
12384
1950
6431
24804
2903
2426
21194
7100
24935
32542
17102
24104
26123
31443
11422
8351
16043
23752
8954
19072
24200
26925
11873
11528
9208
19198
3253
31517
29598
26532
26577
29715
11338
25622
24466
11762
25122
7155
10437
30570
29165
27293
23939
13642
12902
5398
4038
5844
16638
18599
5854
11654
13287
25220
9514
17728
16288
23417
16652
7710
21846
29038
9270
9524
7810
9276
18129
21931
11053
18714
3779
3932
30756
4997
14475
2306
16714
10286
1598
6857
3431
14005
29315
12901
17532
15019
26187
5305
23205
12283
7968
16955
20462
11198
25905
32210
18479
27929
22593
25378
22373
8571
4436
30741
4208
31897
29075
14214
17249
32479
4358
13424
5727
30099
28377
29305
30587
9901
30695
387
16086
12100
20911
788
26921
32664
20079
25631
11425
4744
27082
6015
23582
31579
4322
26645
8661
19495
3755
11708
5871
31917
27729
20119
1646
18568
10345
16406
29065
25259
30072
10898
906
3384
16207
2460
30731
23983
1022
17211
1025
18407
19019
12114
13956
21699
19342
29310
1848
17519
27117
19634
18602
16218
8152
8014
11558
14181
26453
31767
18621
31238
12817
9899
31890
13188
19442
6969
27889
606
23535
4621
30978
26991
32737
18752
27806
362
2511
6809
20858
8842
25559
766
5033
30141
2284
19769
730
26154
19963
21021
13376
22405
15936
613
19453
26290
28456
19912
528
30616
17363
25205
21980
2041
4297
24969
352
18339
30295
10564
17626
8023
17720
17438
23957
12993
10591
1334
5066
9853
26955
18601
22723
20270
31470
19930
17127
30399
25075
9288
5296
29095
23137
32688
28535
16000
5738
4934
22873
26513
10418
6877
4751
14182
5422
6654
7901
32533
22013
25447
2832
16813
25023
25146
5808
14370
11819
19294
30632
8392
35
8472
506
1611
18911
21709
7870
20297
17668
32360
3097
26621
23751
20908
25956
15687
16806
29948
16046
28249
18865
19995
2371
1489
16825
14051
22266
132
21845
6102
28659
25307
14305
16762
9293
26434
28943
16797
26149
11281
2492
13083
31041
11295
14893
12043
28837
20533
4554
12864
31224
1719
14151
17313
4579
22994
22275
14289
23826
31488
2696
26331
6324
15219
1983
25069
9171
13425
15936
11717
11585
16484
18503
25607
32703
31350
252
28074
9686
29205
21955
3447
26116
14118
16126
3024
2762
20872
3511
12674
4389
31070
31050
30985
17233
18145
7583
23771
19160
32361
31523
18335
3403
2021
14875
11100
23415
31317
4025
308
30636
27699
22175
20534
21716
22388
11740
23172
27012
25688
16624
6881
24318
9413
5533
32726
24404
6228
12194
21845
11020
14067
21609
11675
5803
7413
3680
11538
9917
18077
1703
30185
22195
3082
30983
6061
26681
22135
28793
22375
19954
15494
6794
6816
21001
16136
22056
10240
21872
23084
29007
28623
25429
24166
8016
21280
25962
12248
3341
13706
19723
26426
22758
13447
26551
4788
32307
23848
29182
22401
10522
30092
18484
9926
23785
4734
9427
28020
4774
10276
23843
18393
6256
30799
5677
29877
23428
22080
22383
28160
12421
16173
24260
14550
1046
4106
9658
8003
10455
13602
14719
31604
19310
3830
18900
2675
10696
6376
2673
31228
26184
27501
20457
29848
15304
24181
10790
10442
28440
1949
6575
1114
3676
15990
22140
5993
27243
12623
4994
24993
6410
32032
23769
4018
27535
15348
128
10435
4911
25900
7493
27667
17284
1476
27532
14413
3138
17080
25224
17845
29130
18625
10934
4866
11560
28081
25619
9862
4027
25339
10330
14751
374
7164
20852
31447
763
25620
2042
325
26748
29898
4391
4668
6026
31912
25967
10654
20107
27253
2212
15754
32463
17153
14950
11512
27285
28132
3157
8085
21215
21822
1094
14105
6951
5691
21454
2630
5859
23790
29307
5693
13046
13959
24104
12728
20016
20616
3338
19314
24687
10161
19886
11572
15139
25712
31031
17906
12112
17563
20745
31400
4283
16578
27836
26137
21117
28698
6444
26690
18564
10708
31807
13083
10900
10771
13282
13601
26050
16379
16089
22376
3690
23214
23650
21763
32019
20690
9865
15929
19138
15731
24212
6541
29987
24790
29837
8166
23369
1640
28833
27714
31483
28032
29182
22203
10362
4248
23008
9064
11986
8031
7758
1542
4187
8243
29172
28943
4040
16788
5253
197
12399
4332
27059
14709
28233
2079
13366
6295
24916
21811
906
10971
13658
10820
7223
8858
13006
27188
8333
9278
32725
373
1630
479
22562
4716
9244
30026
8811
3965
9402
31516
22693
13763
9200
27963
16194
9079
27522
13771
17150
30430
5473
17303
11276
21990
29638
31296
27006
15687
32526
2611
15089
31148
9257
11258
27621
2399
30020
3658
25360
16696
24362
7277
3479
17782
10567
15166
8584
9543
26661
6928
15408
8370
16340
14524
26846
2823
15091
18010
20808
9146
843
22980
4193
17069
12490
24612
2733
26378
3231
23178
19618
5927
15776
8920
28206
22556
997
16584
20664
10636
1621
17071
428
3496
2396
25461
10862
9868
1350
25272
19573
19450
15322
23638
28198
10641
8007
19498
4180
13988
18028
21325
19974
19367
10761
24053
23352
24976
16068
19551
21797
7771
31557
23819
6553
14540
4402
10436
7071
5194
4112
18964
12850
6490
9692
31832
25085
19714
7239
32687
8318
26799
27016
22943
26890
20533
9286
1592
18122
2293
30833
18672
5802
27517
2314
13680
8982
12107
15859
32720
30227
15421
23961
16553
4092
24650
13198
9520
21094
22613
9143
30598
25539
16940
7990
19689
24855
2934
16920
27808
7228
21129
30525
15941
2223
16906
21982
12380
15610
2415
4040
26012
28991
24944
25334
31915
14107
16835
24137
7698
96
25596
19627
12218
2782
13890
11691
22947
30312
5197
31030
14090
2354
16055
619
21852
9924
22781
25026
31494
17540
29225
1498
19931
23885
5305
1249
20483
12617
22759
7907
3960
841
11877
19005
5085
23211
29499
20664
24047
2745
7566
24445
16862
2218
27823
29389
13669
6044
6694
15945
27816
21347
6918
4517
3929
11562
5038
26627
11464
15486
5715
27184
28221
8203
1315
12552
8716
305
21320
620
12261
26868
13805
32675
7938
17206
30777
18583
18792
32625
25437
14436
26274
26097
26817
78
10204
8041
21872
29099
21486
3535
18520
24728
11015
1105
14718
24502
26402
8974
24855
23941
11609
10800
10218
16123
2874
4885
22249
15997
14116
2951
3693
20256
31072
20199
25230
28122
2385
30536
4683
27393
11850
17847
14756
31026
17098
282
7325
3905
15318
6735
16757
27764
9658
3116
26075
30353
15181
924
15708
18983
30266
14974
25122
9126
12809
31480
1178
24165
25710
31640
2153
27814
28162
32488
6351
32746
14255
25847
17748
5645
31770
3629
20182
18502
27657
26672
22272
31496
25963
1648
8720
11920
19384
27073
10556
17891
15697
745
17488
14371
27211
21520
13619
1062
24118
29119
26041
31417
872
5239
31910
16547
15358
19999
24502
2881
24057
11186
18647
6356
26725
25729
17406
1003
9622
6346
30165
17525
27524
2181
15257
16233
19987
21444
23403
3246
13463
5218
21373
25594
1978
24831
32237
29152
19201
24521
23632
3619
7638
9459
30493
6496
24439
27924
9186
15440
10993
27412
5958
29275
1085
23234
18173
1549
29323
15148
20275
7013
19444
28438
18408
13002
29518
22656
23727
4453
10246
28964
32439
27084
29957
23537
23417
18360
32475
7293
31274
18262
12942
12811
16022
15347
26901
19282
31216
3599
17713
25949
16009
15224
2869
32230
5835
20312
12089
31532
21593
5668
1765
10917
7325
25949
25802
16665
10622
5587
608
5505
29495
28851
20083
29553
8731
23713
9351
24517
25743
10753
4576
6385
15916
10433
342
21686
12375
8693
25063
26396
6170
17362
19041
6258
25056
7842
27901
1482
5981
3969
21605
21275
9523
30695
22215
32177
21977
7460
373
12188
27748
12371
28290
19649
5490
21171
14356
14970
616
28717
31824
29124
9931
27103
11848
393
7742
12743
3555
29741
8883
16569
407
29558
21693
23474
19258
22022
31269
12364
5187
9616
29386
5695
24442
14991
23319
13696
10653
26678
5982
20500
27685
18532
6085
31687
570
28533
24732
2596
12939
8218
2157
11163
8915
5195
21532
3214
16537
4106
21218
9082
3440
25859
52
31188
21668
6605
9215
28531
4982
16677
19585
32616
18541
17900
29121
25902
27751
26853
17656
7427
721
28341
15260
16295
8712
26685
5402
19137
2338
30052
24989
20669
20689
23220
5083
2616
21267
19905
24510
27487
1760
11438
23169
18175
6996
23004
27481
12937
14745
9798
11211
1839
31201
8611
27237
14434
28534
30826
3891
11965
27694
27483
20727
8706
9886
476
27526
12156
26642
23458
24085
11007
23144
21523
8245
25291
16426
24641
7085
17418
5863
19231
25403
4776
7532
11963
6342
21307
16426
30596
19721
15133
1479
3990
16866
9890
30565
237
294
12259
11123
25974
3509
16369
16335
4637
18165
9202
22662
6246
19238
9159
14585
14011
12410
19999
17693
5452
16644
13982
29096
7202
8025
28082
23680
21758
20732
11347
1349
1949
21923
26992
15540
17120
29121
14648
23370
2947
10097
10188
14094
24707
31309
15469
4781
26880
10935
11834
24163
6601
1422
15222
31213
32467
13051
27488
29597
24239
14603
10375
21798
2656
16972
13424
6209
10399
23791
18036
22555
32642
21599
19790
27093
9359
28842
14914
27347
11577
28606
16444
13153
8366
25066
24515
26236
29247
12879
25588
24533
17388
17455
16511
30118
21628
12448
27873
29433
30889
13011
7306
23254
29125
27800
2643
7694
9866
30130
10341
14969
16424
3068
21401
24331
19748
11189
29787
21107
32293
2548
28598
3739
18864
30651
29275
5002
21748
29390
16719
17514
17067
4105
19026
10054
11217
13276
3151
400
17612
20595
3487
7352
4346
1832
8015
4005
26732
20572
296
24752
14012
29839
13813
1079
13453
23492
13703
983
26264
32510
4023
11994
27725
11644
15773
23874
9191
24372
8727
26974
7069
8558
17950
9898
5610
8212
24358
18456
14317
22950
21185
11036
11635
9527
8504
31761
28198
8003
19726
17006
4162
16040
11935
3188
13922
13032
3254
12759
10306
5564
26019
8294
26381
25154
23600
2389
28702
7029
10215
25649
18611
25412
19554
11913
26914
23989
30890
21745
25241
23247
6185
32516
3058
18362
5891
20650
19566
13850
25725
6387
21965
26169
19826
29658
21481
16486
20952
21868
18223
12045
4108
17491
12287
21007
14995
25806
18143
20240
13442
18134
1829
30888
23538
29875
14228
10177
27958
16464
12826
25581
21881
26009
17793
27258
17158
11084
29923
5106
8602
3923
11135
15005
23229
13792
5607
2643
4779
31697
24404
31781
27631
15177
21034
1139
167
23572
1238
23890
11039
31364
10624
1786
11024
693
2739
23001
3584
3429
23750
14484
18602
8590
17572
17431
8886
30208
2136
29888
10879
18059
27534
420
11009
8600
2617
5976
20011
16638
16369
12143
2115
10074
26741
30599
32066
11195
31249
595
21902
25134
7732
25928
19313
28784
31821
13731
12151
10705
28993
7287
26532
23835
5875
26616
30916
600
29547
27027
13964
32646
18670
120
9757
4778
19849
15160
21764
1218
4201
23529
1697
5551
11174
23472
11736
32289
29267
2352
15134
3274
1010
27862
18446
28716
23436
5434
20066
5956
30106
18158
30080
11521
26449
18973
13276
23207
19681
14858
26229
20241
9280
30094
27411
1122
19630
13033
24841
17895
20058
25675
3182
32605
8203
3214
11840
7621
20115
2583
3108
12093
26310
10337
22776
21974
24488
17094
21538
30994
19482
430
24825
31318
5161
6432
23264
21606
12770
2417
11822
21924
17834
26877
26824
3341
4568
26650
8103
25422
5808
26824
26589
18451
20269
284
14067
21315
14818
32554
5377
7274
19454
17457
27789
4204
5485
24063
1349
24647
9313
11289
32543
14051
19948
29975
22849
14076
12312
15849
14316
4397
3109
17387
7133
18409
1062
3238
29399
31291
31711
19904
7316
26964
18718
4266
18708
28218
18155
20891
21613
31617
25511
3716
28327
11001
6479
26854
6598
9708
13743
2229
9762
4447
13679
9087
29446
9365
7211
30337
6911
25015
4429
32423
1432
19975
14602
21670
30816
21984
18569
18753
30424
31811
4162
491
19487
22781
9404
26135
14770
1912
10191
30696
16772
2398
3271
10125
28109
21470
32367
6625
10893
6441
26379
17525
16843
9006
17857
19271
26930
27121
843
24214
10021
12096
20576
21197
26365
22187
4621
13012
24017
18626
10527
14413
22610
10833
14788
2381
25513
13218
31833
9222
14819
25064
17010
17104
25489
11192
25195
23554
28577
15365
16197
19471
25417
14055
10307
30484
25267
12028
31752
25674
2155
30130
6543
20239
5873
24855
7841
5905
14619
7927
25518
20728
26540
26556
27071
32750
11276
7924
29977
9110
30463
32141
17368
26912
2827
27192
6899
6951
12625
20119
1002
12957
10780
32460
8593
17066
22701
25215
21854
12666
21847
30993
21458
2494
23054
22491
30709
23308
15338
10920
32380
31727
17375
8237
26851
29750
18830
8346
21762
21414
10859
27719
14906
26345
17393
660
4097
24594
32671
5798
4567
23604
9487
24022
5338
9426
14290
32615
9859
2186
4126
3223
5965
28604
27549
9807
28014
13248
11121
4699
17334
16921
22439
29528
5455
2405
23204
6578
8988
3229
31759
32616
26370
9168
11344
15765
22266
5292
615
4237
14989
18733
8609
15216
22354
1945
20380
5580
16787
28994
4175
15480
26990
28900
21179
2863
10437
10705
18768
20203
17159
27775
20922
14685
32395
26594
18046
30546
4174
22462
6757
15123
3972
12172
28269
15874
24317
30582
6884
27135
21481
21690
1088
1907
20844
29454
12580
25355
10074
22210
25872
8821
25246
28739
16562
938
7523
290
16408
20114
31777
5529
23317
7246
14358
4551
27178
11833
32684
27405
22209
11483
10479
26115
3691
7306
16688
25694
29099
11107
2083
5356
3291
6939
26238
6078
6376
12025
9438
5566
24156
2748
13330
9651
7790
491
30935
5669
105
2005
26650
20951
12622
7749
22483
19402
13469
1330
29490
22654
9006
30101
14883
10564
25625
17228
2205
16097
14804
9456
10320
23161
23309
21485
14034
32252
3223
26849
8184
7276
564
25247
12205
3391
20973
3450
24390
15806
20571
17005
3521
11917
26445
25899
3454
13412
18399
14567
8311
22683
27080
31564
1285
728
780
5491
1397
31764
29563
32103
10414
30284
27587
19932
660
29170
15397
9787
24851
14253
24941
18991
15343
24041
29119
17595
5950
13313
30106
31393
22773
20782
31298
19944
26156
634
11776
9628
21566
6122
2910
15949
20947
12722
21969
19169
903
11251
30058
1124
9281
15038
17214
18907
32332
12912
28490
13981
21694
27063
12837
11535
12817
27673
24440
1046
27747
4895
2276
4451
24824
4973
20288
19043
9399
3288
2391
24857
9288
21155
28014
19149
18982
29586
31267
9464
14019
15999
6465
17171
11560
25515
19422
12576
24437
9719
15125
26216
23310
17566
27871
8458
25098
28269
18966
8088
18699
10201
22520
2242
11632
1659
7932
29071
12633
31889
18465
12403
7901
4368
23344
6671
25563
30851
7884
2132
6449
12547
4
10709
5939
24806
21672
16440
19079
27451
14399
22531
12609
20214
4046
20107
16981
6117
2037
1703
21641
14669
5123
8824
16079
12247
9929
18709
2212
15848
23714
19640
10196
10275
12504
15296
23465
23112
28854
11095
23989
16898
27032
1476
972
5532
6753
2172
30907
28320
16218
4393
9735
26145
27501
5829
14489
21357
30738
6894
141
14502
10640
11157
3948
16151
17903
11883
3839
26146
27281
239
30986
9926
28376
20228
14012
11007
24883
29672
18059
664
24473
30129
19058
14525
23237
10268
15045
29758
6850
30286
14615
21433
9267
26430
15463
27483
14741
19309
31263
20389
7413
31051
7893
14284
3180
28712
20502
5928
10378
18527
1972
29906
27791
5106
31728
26295
15313
3498
17159
22508
28099
23568
31282
1184
6881
24471
8481
16313
24882
32743
26774
21571
20824
20077
20183
30386
13354
27434
3177
13205
4919
16542
29966
21555
3590
15448
18576
906
18383
17119
18898
17784
22859
18600
3520
758
12741
23557
30070
7653
28368
20350
14966
9637
20934
24217
4863
15800
30402
6570
1431
9629
23056
16251
21703
23013
5894
24559
22151
30200
29056
28580
22957
19014
17990
8682
9699
6869
25237
10657
13442
15037
15111
16491
21544
2067
21217
21201
30549
30693
27412
32621
4636
11019
18030
26069
895
19682
26599
11834
14709
28991
29799
18186
16033
23048
3519
15803
15673
27880
17230
17246
30840
4483
22259
15665
32300
3449
19569
27294
26796
10359
9180
25643
7808
6011
9238
31244
30341
7878
16594
20101
15561
5224
23721
2295
29504
1057
24878
23437
15206
4741
21841
5252
12740
6902
11315
30143
23614
15080
30508
1069
17219
23544
2801
18903
28872
18893
26250
8952
28946
717
17117
10436
29491
15181
10871
7852
18796
13624
23238
13786
20497
29941
12458
9725
23701
25056
5391
24362
23436
28586
15544
30730
7120
9204
10975
2804
23572
2070
5236
2907
764
26197
13154
19103
20014
12044
5692
22242
2299
6441
23077
26645
27317
24049
224
12439
26422
14895
10688
28198
210
2755
14581
17626
13456
30849
31059
2611
30460
843
31329
9407
14483
30819
3328
10149
22465
16279
2379
12648
29546
20560
5159
20540
23431
17148
25218
27118
4004
19774
20603
25673
30388
6205
18210
517
579
2866
11662
348
19256
6479
25129
18532
32732
21828
13566
27825
23679
2360
15925
31404
7692
30346
3568
23997
31043
9473
13480
14183
7744
20160
7671
9961
8979
30711
30135
2748
21251
8600
26723
10004
14151
3508
25602
14113
15703
5165
30270
4224
30783
9455
10787
17633
16288
16504
483
1135
14245
26448
30875
5043
21566
11262
11886
6987
16653
27106
8742
18709
2771
17225
26332
19288
17420
15756
29612
12177
10289
11988
3344
22374
13913
25545
597
10164
28474
28814
10063
2566
17709
1627
31491
28962
4843
15802
15423
9839
4231
353
10702
25069
16096
23875
29459
9353
1130
26223
3389
15147
11809
16216
7921
9333
1453
12167
7311
18519
8793
1262
4229
16211
12982
19287
16877
8769
1912
24943
29063
1191
14970
4950
12701
19789
28465
20661
3996
31218
21366
27607
4208
29919
30899
6517
16496
23932
14586
10520
24957
20672
7822
4051
31213
12210
6905
1611
14171
22234
1407
9720
16868
31639
7098
22462
32012
27233
2108
28888
28177
3729
17240
10498
27925
13849
11198
18425
936
21209
14000
17303
7237
6524
25293
7852
14597
12869
24723
1202
22219
28298
25799
20404
1419
28465
1336
27010
17257
13908
8712
17976
26855
20331
19093
25195
7375
29118
20812
32384
1255
18767
11363
1731
28039
22591
3756
12891
21826
1985
19592
776
10782
13056
28864
2083
31101
7236
25679
23661
32301
11415
15914
22126
2527
22269
2335
7916
31589
12485
29316
6276
19313
4122
6585
12416
7189
5170
25229
9314
293
12185
24231
32298
28282
29393
24874
11334
25261
14711
26640
4812
23131
1200
32092
17034
15237
12356
28475
27645
27808
25767
3046
28052
26893
21581
29327
21193
29604
10817
11847
20175
21428
7157
9798
11105
6437
9053
32350
18599
9292
14573
24931
14746
7859
8481
27205
14916
7469
17061
28617
8377
32373
27333
9453
17565
1965
27887
7095
13464
7536
22198
10345
30327
15409
17333
10626
604
10321
31452
29723
5350
12798
28256
19361
10375
14524
5300
5905
8027
8592
5797
32345
30714
14354
5949
28599
29219
20259
2490
10581
30596
18940
22018
17212
25044
428
9223
26803
802
25979
25572
10163
20412
11286
18530
4393
17880
11116
28126
18446
10122
28033
11326
7264
7631
21201
19419
30712
20453
12506
14686
22598
16494
9952
5212
25709
13847
4991
26780
14078
15053
19730
2059
1201
20737
15215
1541
27553
13070
27647
18939
24795
4164
10830
4166
29958
1934
14139
11085
2110
18570
29614
5187
23405
26280
7296
11395
8116
23315
26699
7096
23719
10344
8372
8556
11867
30976
21908
11002
28211
12233
4205
24815
28445
12693
29676
1463
26805
14388
32369
32257
24576
3899
5458
27265
29624
1428
12083
24871
10326
7348
11960
14250
28182
5041
14935
8023
8531
20835
21240
25103
3381
1325
10198
22220
29458
14785
22427
24755
648
18597
3024
28047
29878
29909
19428
8744
23847
19555
3423
26837
1776
7398
32365
306
4587
4076
25441
7786
615
16416
6335
17104
9740
15387
20950
22229
29254
7102
1944
24783
30130
25947
23836
10572
1519
23313
19242
22255
17696
9671
25980
6387
25876
13979
28866
31850
18027
13690
11285
2500
829
13403
24438
8264
18579
21730
13652
31306
9477
30500
17388
4618
19002
2701
2059
5746
10975
13415
4444
21180
18860
3409
29213
24784
19145
14260
16038
31554
900
6248
6625
23037
17828
6641
32213
12246
15895
15223
5725
31571
1620
18496
5195
24799
22193
19007
32194
3300
2151
22830
12810
7713
11122
28184
27589
15589
9559
16292
31193
10060
18903
32279
30443
28238
28280
15083
24806
28399
7997
26472
3495
1810
29390
31733
16787
13541
30957
7395
22480
8555
11957
30570
5540
10738
22431
20945
28871
32065
832
5214
9013
27419
30511
14060
31748
27263
12248
19161
16098
28125
31840
26503
11385
13257
20660
28014
14980
13608
26520
4152
29821
27813
13140
12446
31144
15136
23058
2283
12799
29626
10258
11894
19974
23638
30422
10181
7472
32284
31663
15355
779
29435
10965
247
26455
14220
15776
2616
16921
26341
22039
7042
2419
25670
4244
10241
2649
16815
30937
15091
16790
20062
30469
25859
23445
13718
12748
30886
17877
14933
20777
8748
933
15381
24896
12299
18323
13976
22800
24257
13124
8760
15074
7697
23983
32203
12467
12947
30139
11665
21096
4720
19453
13025
29275
4564
2500
16815
6565
17679
5673
7017
22996
24492
23102
28407
26642
32604
16044
20866
18055
2065
6537
10560
17863
29193
19362
17978
9924
9039
31565
27716
10321
31463
28639
32074
10288
28439
19710
21665
17918
19977
8183
3551
26485
32733
24137
1731
1676
17187
5943
6628
1600
23076
15188
7486
1812
6348
17712
17777
4054
18396
19541
109
1752
28558
5539
25225
27605
1107
29714
31508
31114
20869
1219
11351
12451
15127
23444
9960
4660
26054
119
2285
7170
7654
11485
7178
6982
12875
20858
26939
32065
7380
28864
29625
18063
547
8879
12838
20399
11948
30941
26910
23454
27695
12510
28998
30119
19183
17542
24663
32566
20022
8694
20425
26561
28108
23029
19359
24428
20701
5048
5942
798
28401
5846
124
3434
188
9874
21198
10963
18003
23984
10659
5994
22518
1227
1997
9505
23290
28684
31269
14211
8266
27162
9116
32204
13198
22054
23816
7057
27704
13746
2521
12702
20404
14072
13030
32538
8336
25170
31191
1432
31210
15916
8247
27408
29151
23170
30345
10452
6394
7474
21807
26737
26238
10675
3629
23254
1823
24967
15046
19184
25846
21672
15512
146
6320
4535
23409
8038
18800
5150
5130
25671
29147
16343
27733
20439
22671
24257
8334
18661
6315
1125
12422
17817
10634
25389
611
22876
25691
19023
22478
16019
18227
27134
30467
32100
3073
8395
18184
3639
5862
8178
21840
20287
30686
23834
32031
26833
15968
30776
18425
30469
13222
10250
17798
31224
32684
27725
28767
26353
28035
22011
19986
4464
15445
28782
148
16046
18590
4736
8551
9023
15464
10721
26715
26075
30391
7285
13196
12015
13313
8158
7327
7135
31624
241
23712
28956
31933
22462
13662
20914
265
23254
3939
13562
26722
3485
4319
8540
29449
20941
5071
2165
27256
254
12075
5624
21504
22226
24208
8646
11548
22881
7320
6338
18805
20759
30814
22217
16672
20809
13836
16607
32404
28874
32638
11075
8919
6125
6949
29040
8437
21700
29826
1528
16690
2092
12042
3140
200
24749
26265
11304
27541
21353
1744
18198
5291
28257
26561
14561
1917
495
21582
29572
20
27941
20122
1501
26854
222
1449
28206
32142
22160
5328
17369
16815
27341
31636
16058
28881
12319
130
5561
15678
2473
23380
17020
13871
6630
16531
26923
26969
27693
5701
8802
18134
30286
29413
17467
3321
2169
8502
21634
30816
29614
18371
20520
24981
11799
2558
4583
9651
12135
30949
21972
28916
23286
27047
9235
6015
8276
27031
31827
29048
713
1081
10988
3857
26575
27197
13934
1324
27134
9276
25600
16374
6833
11486
14953
28796
18054
28183
28910
22280
29606
28310
14440
10335
20847
1158
12332
27648
7613
2581
17923
5055
781
28311
14898
21088
15115
20985
6463
6350
22318
26951
24028
7611
16510
17257
3118
20613
1539
30780
1853
29052
5180
20574
24312
28834
12496
20169
12767
31393
17305
10197
3515
13512
91
18615
11606
20907
19667
28387
24266
13100
7736
354
26218
7322
29398
25562
12498
10776
16420
7810
19978
24358
15970
13475
20470
21742
2681
372
31205
6409
3360
22005
12052
19851
18106
5766
21500
23127
20547
30126
9519
15342
14457
5162
20357
2246
6679
28691
30239
17876
19884
27467
15689
7116
26402
9665
965
18672
29761
19693
29272
19340
29998
8649
2654
15167
30915
27752
28871
2569
11816
28130
27523
30573
5089
17383
28061
17080
8074
18731
7576
13604
16347
22209
20896
25869
2111
15336
30599
19754
2583
17621
27715
24849
12402
22534
10008
7996
22027
18499
5960
31942
5584
20067
7040
7977
30858
9942
4082
6037
13306
30343
3899
4506
7106
32760
12010
16294
13724
19893
27530
5429
13078
31019
21471
20086
1899
16158
9189
28802
8895
8308
32384
10349
11611
11665
5497
24993
7414
15340
24661
8909
5921
12828
1939
4399
20500
19693
5282
25770
26579
11120
9260
10322
24717
11672
16215
18323
26021
25477
3989
25010
2163
6485
26443
25038
11272
7228
15226
19438
22491
22083
4395
20883
24267
20310
5576
1619
19568
26681
29858
1516
25215
30496
19520
12593
16551
5462
24573
20343
2263
18337
21366
5801
18795
15163
10162
22146
8066
25901
25787
23155
15082
29517
1855
24847
19985
4768
6271
5832
8091
22137
508
15897
30851
31711
18962
14252
30
1599
29028
26817
21300
14373
30331
21412
18459
28503
32526
32136
30896
23800
7900
31703
4479
24275
2881
11553
30009
27575
28201
10565
21911
22053
19095
11292
4073
6873
11487
15046
22863
23094
1029
13722
32354
17137
13572
13606
17450
7746
2247
19242
2329
5561
6909
10735
5894
22465
30162
7269
32141
2113
9640
27435
6481
19823
11431
23926
27112
21828
23359
14044
9322
27867
31652
18010
2013
7893
11367
12369
23576
9219
29613
19861
5529
12817
31295
7484
6101
6137
16323
8696
16813
22374
27227
20413
3445
10129
21838
18020
5870
18504
21838
30201
3021
19652
3835
9180
32398
30634
17821
25492
27583
5706
25955
16937
22231
21965
16043
10551
29429
13336
5318
8400
32062
21824
7552
3365
19215
16080
27435
4097
11179
11174
16648
10066
16495
27435
13044
7618
609
3018
17065
28612
11230
7791
27438
1168
19738
18619
29784
15082
7187
16498
843
31210
19469
13056
25271
26003
939
21976
24515
12039
21374
26693
14497
2607
16942
27500
30104
32594
16591
20116
17534
2197
28017
21275
13178
11539
23447
8208
6432
12599
3836
30868
30635
24784
15748
1406
26417
26298
676
22803
26308
6368
24498
25376
17101
21714
6527
7513
8094
20185
16067
18594
7444
17353
9
20883
19162
16075
28740
2073
23331
2068
19005
15878
5536
3022
4612
27259
25818
14152
12302
174
16806
14214
2166
583
7903
3135
12085
11046
4300
30965
30732
7533
25456
16594
13787
5268
27291
27867
27374
18448
28537
6112
28986
25922
4842
18172
27863
25101
28698
14766
26382
10656
2733
28741
4058
16061
17088
30127
12222
32310
26282
14820
17085
17700
11676
17717
11866
21417
28951
17503
14455
24574
6298
9725
4130
25843
22045
28437
4571
6592
30908
29616
22990
12760
364
7384
3318
25052
14506
25619
970
16756
8239
187
26686
31729
6122
13994
5512
12916
18230
26038
17149
30526
15303
8966
7097
14267
474
30785
23328
20541
971
8461
22594
22198
5209
7159
29720
25773
9195
20430
28018
13192
28657
28883
16748
10972
8958
17088
2705
22341
2241
27130
761
20768
12060
24717
8225
1855
31305
4999
4802
22380
27405
17822
10698
14508
27793
11854
107
3210
14719
1282
31377
27544
22742
19631
12031
11989
14136
23594
25309
871
2883
13497
26538
10406
3542
23211
21117
23390
29006
28503
14126
31811
23459
18316
21692
32105
30282
26726
17525
20474
1271
27691
29153
18669
18496
20984
16812
16950
6517
2917
3769
25140
11382
9482
7015
25375
27151
27478
20315
7281
26719
8470
5214
17249
29728
19943
24459
15715
11335
13339
128
2674
18990
27542
5279
9555
26216
11464
4837
29954
8800
5003
15021
19743
18660
11327
5504
10412
17999
18408
26256
24432
5351
13889
10768
6381
27020
27884
15199
20083
15240
27950
9369
11140
18790
8361
4702
32717
28443
24691
23873
27391
19465
15731
30992
13095
27322
18435
27373
24485
13865
26316
20928
22711
17070
1678
15053
27288
18456
18310
780
14200
7411
29168
29471
1022
30068
32739
29995
27851
6781
1296
16247
14022
16553
13286
13296
12857
24794
2834
2391
20801
25836
1697
14595
11510
8598
13459
6756
10289
4242
25960
15405
9407
9115
19121
18276
11450
4904
16331
17861
21420
6930
23007
28894
20490
27444
20155
29132
5644
10230
21321
22817
21047
17885
9640
15927
27032
24558
29434
15844
19214
22160
19141
16324
28234
4574
24536
11778
3364
16838
10471
27729
19479
24950
22528
15991
1861
16777
9273
6330
32716
21595
7678
7687
26772
6233
24226
17533
14103
1319
1832
7566
5824
30312
17315
16621
13559
20847
19447
19463
18688
2214
25009
32385
25287
10075
1573
27956
23101
7254
11208
30434
18652
3058
5681
5922
26152
22437
15736
6508
11383
21574
23467
24006
6145
22371
961
28785
27189
5759
30240
32458
10961
6206
19609
18984
12765
6822
15532
20944
18005
15484
6608
17227
10976
29037
4000
27418
31416
5191
4964
18172
6054
31104
10250
16655
27611
15510
16010
2855
7212
24414
26989
9678
19315
32208
783
14558
30449
640
15671
14225
27311
4966
25861
26804
19061
2095
1479
24346
19671
27081
11487
5273
9410
6382
11899
30939
32030
29189
8609
4259
27175
24460
7722
25831
1518
1663
29910
9316
29566
33
3497
14966
994
7449
340
14451
22915
18430
16689
9663
18207
10523
31369
1761
22242
5950
7640
28991
6284
1860
13959
17399
5258
24335
3145
9619
24092
5631
3074
28998
26267
24846
28346
13781
30464
121
29128
7189
30156
21216
29629
15063
14835
29308
25694
22383
32590
21288
5081
1438
450
1234
32743
8985
10371
25014
365
9149
15372
4645
4768
5857
17767
2129
10243
21930
26258
26930
5683
22976
213
29827
16177
20785
13905
19226
7224
23373
11035
19475
20938
21763
6125
18766
14490
1599
27775
8169
2073
31679
9511
7540
28286
23278
5276
23058
28697
32139
6913
18528
15170
31474
19012
14283
30542
27722
3861
30945
32002
23376
2755
26554
7867
32052
12782
10158
1979
2769
18399
23137
16756
3815
18504
12203
13092
21523
20810
3024
22866
32720
2144
5069
3429
24964
32175
27672
8785
15415
11631
5704
18864
2618
12370
12852
32119
4144
4404
6811
27309
30277
23553
6827
28415
11140
11756
25385
13191
14952
27447
6823
18331
29371
18819
3971
2696
18007
14008
8542
14601
32153
31028
23433
20006
3202
12387
7779
20888
4982
13948
10098
27246
13467
8828
7575
12215
27330
31558
25158
13291
12341
12356
20698
32511
4649
9069
26710
11261
9369
5057
8756
29755
32053
22502
29394
16008
3215
7395
29904
28556
4429
31512
32538
31292
19942
28193
4577
2808
12187
26373
26659
21974
31265
13493
14379
7519
5011
32288
13554
27877
10728
29009
17876
25818
29300
2719
31092
14644
12743
30578
12554
15539
2564
10584
1603
1123
12293
20196
720
2479
26278
8790
4626
27439
6250
19290
13546
28353
26991
2718
32139
10502
29832
6803
23391
2192
21028
19486
20435
32422
30596
5524
12114
4385
16787
2940
72
14836
19585
22845
8774
31304
6116
25477
9081
15194
26913
13860
31245
9833
2606
19678
24965
16238
7612
19658
20825
30300
28236
2514
3861
20322
19872
21608
5246
32113
24620
10355
26138
6392
24573
7494
14517
15694
30969
19849
6613
2539
10538
29649
25014
24978
30877
28640
25871
2168
29419
2905
18995
10109
24510
19393
23644
22245
28086
22153
20930
25364
13045
15669
12292
31390
23367
31041
13963
9211
22015
18362
4062
19064
10495
17221
24536
26523
32321
20449
22929
8675
26682
14295
6108
14282
1887
26125
15431
23296
6485
28806
22408
25704
6219
24521
2766
1362
26270
8520
31512
1009
32016
26225
1986
10202
23798
2211
10985
8697
31659
11775
13452
31151
9709
14451
12319
20003
14914
30595
3217
6169
5279
7082
18070
26312
24059
21214
9864
17823
23034
20449
31780
28551
13088
9398
27831
3666
27563
28041
12458
24871
15301
27983
19230
17032
3257
2126
10803
15873
10662
28631
18575
23743
